vertice time
1 0.07852840423583984
2 0.08207130432128906
3 0.030721426010131836
4 0.03031134605407715
5 0.011420965194702148
6 0.08461689949035645
7 0.08141493797302246
8 0.01566910743713379
9 0.008068084716796875
10 0.03343605995178223
11 0.08165407180786133
12 0.08666086196899414
13 0.031055450439453125
14 0.009714365005493164
15 0.009498834609985352
16 0.08856797218322754
17 0.03045821189880371
18 0.0872182846069336
19 0.030384540557861328
20 0.015575647354125977
21 0.030385971069335938
22 0.009508132934570312
23 0.030216693878173828
24 0.032196998596191406
25 0.08555746078491211
26 0.03137373924255371
27 0.08518266677856445
28 0.030915498733520508
29 0.014824151992797852
30 0.032846927642822266
31 0.08415389060974121
32 0.08555984497070312
33 0.08458161354064941
34 0.01535654067993164
35 0.031537771224975586
36 0.08608698844909668
37 0.08507943153381348
38 0.015996694564819336
39 0.08770346641540527
40 0.08577156066894531
41 0.015697717666625977
42 0.08552122116088867
43 0.08183479309082031
44 0.08293962478637695
45 0.030865907669067383
46 0.029025793075561523
47 0.08267092704772949
48 0.030401229858398438
49 0.08748030662536621
50 0.03133416175842285
51 0.031097888946533203
52 0.10940837860107422
53 0.11031079292297363
54 0.10677742958068848
55 0.09701657295227051
56 0.033388614654541016
57 0.09045600891113281
58 0.030135154724121094
59 0.017742156982421875
60 0.03786301612854004
61 0.033492326736450195
62 0.03349947929382324
63 0.0863485336303711
64 0.0339813232421875
65 0.014871835708618164
66 0.010475635528564453
67 0.03250408172607422
68 0.016146183013916016
69 0.08394312858581543
70 0.08374190330505371
71 0.08361172676086426
72 0.008072614669799805
73 0.03379988670349121
74 0.030657291412353516
75 0.08403968811035156
76 0.010012626647949219
77 0.009613037109375
78 0.030170440673828125
79 0.03087306022644043
80 0.03150367736816406
81 0.08479142189025879
82 0.01629185676574707
83 0.01528787612915039
84 0.016153573989868164
85 0.08501076698303223
86 0.08168673515319824
87 0.030367374420166016
88 0.08478498458862305
89 0.08216667175292969
90 0.02998185157775879
91 0.08141756057739258
92 0.08325839042663574
93 0.030924320220947266
94 0.015644073486328125
95 0.030451059341430664
96 0.08559727668762207
97 0.011431455612182617
98 0.03061366081237793
99 0.016468524932861328
100 0.01362299919128418
1 0.08649468421936035
2 0.08432149887084961
3 0.030646085739135742
4 0.030478954315185547
5 0.011452913284301758
6 0.08331489562988281
7 0.08164167404174805
8 0.015840768814086914
9 0.007986783981323242
10 0.030132770538330078
11 0.08621501922607422
12 0.0823218822479248
13 0.03077077865600586
14 0.01153707504272461
15 0.010601043701171875
16 0.08959531784057617
17 0.031032800674438477
18 0.08447599411010742
19 0.030106782913208008
20 0.015621423721313477
21 0.029619693756103516
22 0.009095907211303711
23 0.03280520439147949
24 0.030213594436645508
25 0.08596611022949219
26 0.030694007873535156
27 0.08229923248291016
28 0.03061676025390625
29 0.015626907348632812
30 0.030337095260620117
31 0.10633611679077148
32 0.08309507369995117
33 0.08197426795959473
34 0.015790462493896484
35 0.030680179595947266
36 0.08292341232299805
37 0.08179163932800293
38 0.016248703002929688
39 0.08611488342285156
40 0.08368158340454102
41 0.016373872756958008
42 0.08315825462341309
43 0.08324956893920898
44 0.08269286155700684
45 0.03018045425415039
46 0.0298764705657959
47 0.08616423606872559
48 0.03133082389831543
49 0.08207130432128906
50 0.030746936798095703
51 0.030180931091308594
52 0.08359169960021973
53 0.08519148826599121
54 0.08199667930603027
55 0.08337187767028809
56 0.0314483642578125
57 0.08506131172180176
58 0.030668258666992188
59 0.015841960906982422
60 0.030782222747802734
61 0.030239582061767578
62 0.031070232391357422
63 0.08285713195800781
64 0.030710458755493164
65 0.01347208023071289
66 0.01162409782409668
67 0.03545498847961426
68 0.017174243927001953
69 0.08948397636413574
70 0.08483123779296875
71 0.08548665046691895
72 0.009362459182739258
73 0.034142494201660156
74 0.030933141708374023
75 0.08475565910339355
76 0.008595705032348633
77 0.008447647094726562
78 0.03284144401550293
79 0.028432846069335938
80 0.03187918663024902
81 0.08623504638671875
82 0.015883445739746094
83 0.016295433044433594
84 0.023552894592285156
85 0.09496641159057617
86 0.08610415458679199
87 0.030495882034301758
88 0.08510279655456543
89 0.08428812026977539
90 0.02973794937133789
91 0.08449649810791016
92 0.0841977596282959
93 0.029807329177856445
94 0.016527891159057617
95 0.03565788269042969
96 0.08860945701599121
97 0.011498689651489258
98 0.03068375587463379
99 0.015764236450195312
100 0.015787601470947266
1 0.08712530136108398
2 0.08599066734313965
3 0.03163790702819824
4 0.03325319290161133
5 0.012996435165405273
6 0.09093236923217773
7 0.08483600616455078
8 0.015839099884033203
9 0.00803065299987793
10 0.030289649963378906
11 0.08315920829772949
12 0.08252525329589844
13 0.03035259246826172
14 0.011682510375976562
15 0.009661436080932617
16 0.0826725959777832
17 0.03094172477722168
18 0.08280777931213379
19 0.03019571304321289
20 0.01565241813659668
21 0.029753923416137695
22 0.009160518646240234
23 0.0334014892578125
24 0.030803203582763672
25 0.08310818672180176
26 0.03035259246826172
27 0.0885767936706543
28 0.033144235610961914
29 0.01698899269104004
30 0.03525114059448242
31 0.08642315864562988
32 0.0881643295288086
33 0.0896143913269043
34 0.01647353172302246
35 0.03483867645263672
36 0.09085202217102051
37 0.08507180213928223
38 0.015573263168334961
39 0.09308910369873047
40 0.08747506141662598
41 0.015629291534423828
42 0.08217048645019531
43 0.08259892463684082
44 0.08641672134399414
45 0.030682802200317383
46 0.030833959579467773
47 0.0823218822479248
48 0.03072381019592285
49 0.08229684829711914
50 0.030497312545776367
51 0.029926538467407227
52 0.0830528736114502
53 0.08092093467712402
54 0.08149075508117676
55 0.08228445053100586
56 0.03052210807800293
57 0.08050680160522461
58 0.02995753288269043
59 0.015348196029663086
60 0.03641009330749512
61 0.0339815616607666
62 0.031180381774902344
63 0.08590984344482422
64 0.034648895263671875
65 0.016231775283813477
66 0.009670257568359375
67 0.02985858917236328
68 0.015885591506958008
69 0.08187747001647949
70 0.08269047737121582
71 0.08247852325439453
72 0.009788990020751953
73 0.030601024627685547
74 0.03032541275024414
75 0.0821530818939209
76 0.00990438461303711
77 0.008972644805908203
78 0.030477046966552734
79 0.03074049949645996
80 0.031365394592285156
81 0.08308649063110352
82 0.016417741775512695
83 0.014087438583374023
84 0.01531529426574707
85 0.09354281425476074
86 0.08495450019836426
87 0.03065323829650879
88 0.08859109878540039
89 0.08441853523254395
90 0.029997587203979492
91 0.08154702186584473
92 0.0823211669921875
93 0.03033280372619629
94 0.01568317413330078
95 0.0300750732421875
96 0.08321142196655273
97 0.012337684631347656
98 0.030994653701782227
99 0.016206741333007812
100 0.016516685485839844
1 0.08383417129516602
2 0.0816650390625
3 0.03175830841064453
4 0.033182621002197266
5 0.011436223983764648
6 0.0903935432434082
7 0.0887455940246582
8 0.01578545570373535
9 0.010417699813842773
10 0.029520273208618164
11 0.08525228500366211
12 0.08272862434387207
13 0.03068065643310547
14 0.011840581893920898
15 0.009737014770507812
16 0.08300375938415527
17 0.03020787239074707
18 0.0834352970123291
19 0.030294179916381836
20 0.015860795974731445
21 0.029824256896972656
22 0.009454965591430664
23 0.03467726707458496
24 0.03043055534362793
25 0.08700776100158691
26 0.030650854110717773
27 0.08606386184692383
28 0.03066873550415039
29 0.016275405883789062
30 0.031034469604492188
31 0.09093904495239258
32 0.08520841598510742
33 0.08198094367980957
34 0.015747547149658203
35 0.030661582946777344
36 0.08443880081176758
37 0.08087325096130371
38 0.015621662139892578
39 0.08220434188842773
40 0.08478307723999023
41 0.016073942184448242
42 0.08241152763366699
43 0.08168530464172363
44 0.0819694995880127
45 0.030148983001708984
46 0.03013777732849121
47 0.08322024345397949
48 0.030582904815673828
49 0.08965826034545898
50 0.029797077178955078
51 0.029702186584472656
52 0.08678412437438965
53 0.0811009407043457
54 0.08407974243164062
55 0.08156776428222656
56 0.03424644470214844
57 0.08055329322814941
58 0.0303802490234375
59 0.015598535537719727
60 0.03001880645751953
61 0.030878782272338867
62 0.03039240837097168
63 0.08208155632019043
64 0.030760526657104492
65 0.015635013580322266
66 0.009677886962890625
67 0.03329610824584961
68 0.015755176544189453
69 0.08457374572753906
70 0.08565473556518555
71 0.0820760726928711
72 0.00920724868774414
73 0.030495643615722656
74 0.030409574508666992
75 0.08227944374084473
76 0.010090351104736328
77 0.009420633316040039
78 0.029948949813842773
79 0.029855966567993164
80 0.0303800106048584
81 0.08127951622009277
82 0.016496896743774414
83 0.015654802322387695
84 0.014266014099121094
85 0.0876154899597168
86 0.08614921569824219
87 0.030780792236328125
88 0.08455348014831543
89 0.0825800895690918
90 0.030541419982910156
91 0.08509111404418945
92 0.08244824409484863
93 0.030321598052978516
94 0.015947341918945312
95 0.02998065948486328
96 0.08344912528991699
97 0.011774778366088867
98 0.030429601669311523
99 0.01549673080444336
100 0.014254570007324219
1 0.08209490776062012
2 0.08180880546569824
3 0.03137826919555664
4 0.030418872833251953
5 0.011672019958496094
6 0.08535122871398926
7 0.08383297920227051
8 0.015772342681884766
9 0.008145332336425781
10 0.030282020568847656
11 0.08309412002563477
12 0.08404326438903809
13 0.03134918212890625
14 0.011260986328125
15 0.009974002838134766
16 0.08336091041564941
17 0.030159711837768555
18 0.0816953182220459
19 0.030007362365722656
20 0.016205549240112305
21 0.030339479446411133
22 0.00911259651184082
23 0.032033681869506836
24 0.03241372108459473
25 0.08684682846069336
26 0.03248929977416992
27 0.08761835098266602
28 0.03430342674255371
29 0.015388011932373047
30 0.03153181076049805
31 0.08176708221435547
32 0.08148050308227539
33 0.08298349380493164
34 0.015420198440551758
35 0.030733585357666016
36 0.09062719345092773
37 0.08519482612609863
38 0.015280723571777344
39 0.08895611763000488
40 0.08532190322875977
41 0.0159604549407959
42 0.08310651779174805
43 0.0837409496307373
44 0.08376741409301758
45 0.031221389770507812
46 0.03106856346130371
47 0.08494353294372559
48 0.031336069107055664
49 0.0829012393951416
50 0.03179526329040527
51 0.030556678771972656
52 0.08859705924987793
53 0.08611440658569336
54 0.08619356155395508
55 0.08266234397888184
56 0.03190159797668457
57 0.0833742618560791
58 0.03070235252380371
59 0.01360011100769043
60 0.031523704528808594
61 0.030800580978393555
62 0.03031635284423828
63 0.0835874080657959
64 0.03148031234741211
65 0.01577901840209961
66 0.009789228439331055
67 0.030658245086669922
68 0.015824317932128906
69 0.08538818359375
70 0.08414936065673828
71 0.08701705932617188
72 0.009495019912719727
73 0.03213310241699219
74 0.030962705612182617
75 0.08616161346435547
76 0.009807348251342773
77 0.009040117263793945
78 0.030966997146606445
79 0.03019094467163086
80 0.031188488006591797
81 0.08371186256408691
82 0.015888452529907227
83 0.013861656188964844
84 0.0162966251373291
85 0.09156560897827148
86 0.08691239356994629
87 0.03438973426818848
88 0.09002470970153809
89 0.08732008934020996
90 0.03591752052307129
91 0.08834528923034668
92 0.08654475212097168
93 0.03321409225463867
94 0.01598834991455078
95 0.034848690032958984
96 0.0919644832611084
97 0.011531829833984375
98 0.036940813064575195
99 0.015929460525512695
100 0.017394304275512695
1 0.0894770622253418
2 0.08818864822387695
3 0.0337214469909668
4 0.030591964721679688
5 0.01175689697265625
6 0.087982177734375
7 0.08408904075622559
8 0.016585111618041992
9 0.00782012939453125
10 0.030868053436279297
11 0.0870816707611084
12 0.08363938331604004
13 0.03168058395385742
14 0.011813163757324219
15 0.010333538055419922
16 0.08698391914367676
17 0.03162574768066406
18 0.0852513313293457
19 0.03055739402770996
20 0.013615846633911133
21 0.03042769432067871
22 0.00935983657836914
23 0.03202366828918457
24 0.030939340591430664
25 0.08381247520446777
26 0.031219959259033203
27 0.08372807502746582
28 0.030866622924804688
29 0.01568460464477539
30 0.0306704044342041
31 0.08475995063781738
32 0.08677053451538086
33 0.08480525016784668
34 0.01557016372680664
35 0.031208276748657227
36 0.08624792098999023
37 0.0863351821899414
38 0.019908905029296875
39 0.09107279777526855
40 0.08722686767578125
41 0.016288280487060547
42 0.08365368843078613
43 0.08286380767822266
44 0.0854799747467041
45 0.03062725067138672
46 0.030211448669433594
47 0.08536148071289062
48 0.03083205223083496
49 0.08391308784484863
50 0.031302690505981445
51 0.030223846435546875
52 0.08596110343933105
53 0.0834665298461914
54 0.0866858959197998
55 0.08400893211364746
56 0.031178951263427734
57 0.08588004112243652
58 0.033585309982299805
59 0.016695261001586914
60 0.030948877334594727
61 0.03125905990600586
62 0.030986547470092773
63 0.08319568634033203
64 0.031098365783691406
65 0.01584339141845703
66 0.009563207626342773
67 0.03047800064086914
68 0.015870332717895508
69 0.08629751205444336
70 0.08520793914794922
71 0.08376240730285645
72 0.00917673110961914
73 0.03236508369445801
74 0.030785083770751953
75 0.08661556243896484
76 0.010302305221557617
77 0.009254693984985352
78 0.03072047233581543
79 0.031005859375
80 0.03125715255737305
81 0.08319091796875
82 0.015827417373657227
83 0.013933897018432617
84 0.015598058700561523
85 0.0869908332824707
86 0.08385443687438965
87 0.03109288215637207
88 0.08410906791687012
89 0.0849306583404541
90 0.030668973922729492
91 0.08501482009887695
92 0.08615255355834961
93 0.030827760696411133
94 0.016007184982299805
95 0.030721664428710938
96 0.08666396141052246
97 0.011863470077514648
98 0.03283047676086426
99 0.015689849853515625
100 0.015736103057861328
1 0.08467984199523926
2 0.08246874809265137
3 0.03136444091796875
4 0.0309903621673584
5 0.01137542724609375
6 0.0853118896484375
7 0.08337759971618652
8 0.01572394371032715
9 0.007896900177001953
10 0.030873537063598633
11 0.08422446250915527
12 0.08415436744689941
13 0.031226396560668945
14 0.011610746383666992
15 0.011168241500854492
16 0.09327125549316406
17 0.03135514259338379
18 0.08342957496643066
19 0.03193974494934082
20 0.015888452529907227
21 0.03160715103149414
22 0.009486198425292969
23 0.03476381301879883
24 0.030495643615722656
25 0.08856797218322754
26 0.030659198760986328
27 0.08907365798950195
28 0.031075000762939453
29 0.013436317443847656
30 0.03332376480102539
31 0.08899974822998047
32 0.08349394798278809
33 0.08436703681945801
34 0.015850067138671875
35 0.03050851821899414
36 0.08565402030944824
37 0.08381414413452148
38 0.01576066017150879
39 0.08529329299926758
40 0.08747029304504395
41 0.016147375106811523
42 0.08524870872497559
43 0.0832071304321289
44 0.0842430591583252
45 0.030561447143554688
46 0.03059673309326172
47 0.08460640907287598
48 0.03132200241088867
49 0.08382940292358398
50 0.030864715576171875
51 0.030933618545532227
52 0.08730006217956543
53 0.08516097068786621
54 0.08533143997192383
55 0.08806490898132324
56 0.03229260444641113
57 0.08595156669616699
58 0.031360626220703125
59 0.01614212989807129
60 0.031007766723632812
61 0.030871152877807617
62 0.030458688735961914
63 0.08339524269104004
64 0.03191328048706055
65 0.015640974044799805
66 0.009658336639404297
67 0.03081512451171875
68 0.015796184539794922
69 0.08581018447875977
70 0.08478426933288574
71 0.08553481101989746
72 0.009485483169555664
73 0.031928300857543945
74 0.03073573112487793
75 0.08400750160217285
76 0.010547399520874023
77 0.008712053298950195
78 0.03099513053894043
79 0.030739545822143555
80 0.030594825744628906
81 0.0863039493560791
82 0.01641368865966797
83 0.013972282409667969
84 0.01556086540222168
85 0.08755278587341309
86 0.08338332176208496
87 0.031237125396728516
88 0.08439064025878906
89 0.08353281021118164
90 0.031203269958496094
91 0.08435630798339844
92 0.08559799194335938
93 0.031482696533203125
94 0.016835689544677734
95 0.031469106674194336
96 0.08705401420593262
97 0.011777639389038086
98 0.03095531463623047
99 0.01604604721069336
100 0.016649484634399414
1 0.08720707893371582
2 0.08682370185852051
3 0.031197309494018555
4 0.03058457374572754
5 0.011568546295166016
6 0.08595085144042969
7 0.0827946662902832
8 0.01573944091796875
9 0.00898599624633789
10 0.03403139114379883
11 0.08641481399536133
12 0.0835874080657959
13 0.03115224838256836
14 0.011420726776123047
15 0.010425806045532227
16 0.08824896812438965
17 0.03386974334716797
18 0.09099602699279785
19 0.032781362533569336
20 0.016444683074951172
21 0.0362858772277832
22 0.009412765502929688
23 0.03326296806335449
24 0.0315096378326416
25 0.08665919303894043
26 0.03097224235534668
27 0.08530163764953613
28 0.030632734298706055
29 0.015605926513671875
30 0.031419992446899414
31 0.08418536186218262
32 0.08260917663574219
33 0.08404898643493652
34 0.015703439712524414
35 0.03524899482727051
36 0.09051918983459473
37 0.08783125877380371
38 0.01641368865966797
39 0.08538937568664551
40 0.08441352844238281
41 0.015729188919067383
42 0.08556723594665527
43 0.08699440956115723
44 0.08412361145019531
45 0.031212329864501953
46 0.03062891960144043
47 0.08451533317565918
48 0.031038284301757812
49 0.08300089836120605
50 0.030788660049438477
51 0.030606746673583984
52 0.08433246612548828
53 0.08512473106384277
54 0.08500385284423828
55 0.0831594467163086
56 0.03145599365234375
57 0.08554768562316895
58 0.031089067459106445
59 0.015801668167114258
60 0.03086256980895996
61 0.03441643714904785
62 0.03358745574951172
63 0.08601832389831543
64 0.03284406661987305
65 0.016744613647460938
66 0.011673927307128906
67 0.031743526458740234
68 0.01580810546875
69 0.08531713485717773
70 0.08284664154052734
71 0.08457446098327637
72 0.009580612182617188
73 0.031485557556152344
74 0.030576467514038086
75 0.08713150024414062
76 0.010290384292602539
77 0.008967876434326172
78 0.030649423599243164
79 0.03675580024719238
80 0.030110836029052734
81 0.09127306938171387
82 0.015946149826049805
83 0.018309354782104492
84 0.017055273056030273
85 0.08873271942138672
86 0.08327913284301758
87 0.0317385196685791
88 0.08327102661132812
89 0.08343982696533203
90 0.030821561813354492
91 0.08293509483337402
92 0.08296394348144531
93 0.031993865966796875
94 0.015656471252441406
95 0.030812740325927734
96 0.08663249015808105
97 0.012056827545166016
98 0.03228259086608887
99 0.015972375869750977
100 0.013598442077636719
1 0.09090232849121094
2 0.0841066837310791
3 0.031020641326904297
4 0.030478477478027344
5 0.011536598205566406
6 0.08788943290710449
7 0.08392643928527832
8 0.0162661075592041
9 0.0077250003814697266
10 0.031075239181518555
11 0.08475494384765625
12 0.08237791061401367
13 0.030799388885498047
14 0.011583089828491211
15 0.009552955627441406
16 0.08312630653381348
17 0.03145003318786621
18 0.0840153694152832
19 0.031217336654663086
20 0.016231298446655273
21 0.03192901611328125
22 0.009678125381469727
23 0.03176307678222656
24 0.03129911422729492
25 0.0872354507446289
26 0.03217744827270508
27 0.08433318138122559
28 0.031717777252197266
29 0.013796329498291016
30 0.03142547607421875
31 0.08371639251708984
32 0.08391022682189941
33 0.08306360244750977
34 0.015738964080810547
35 0.031112194061279297
36 0.08582687377929688
37 0.08323454856872559
38 0.01584005355834961
39 0.08522462844848633
40 0.08523368835449219
41 0.01588726043701172
42 0.08523154258728027
43 0.08316159248352051
44 0.08817601203918457
45 0.031122684478759766
46 0.031224727630615234
47 0.08649325370788574
48 0.030761003494262695
49 0.08506989479064941
50 0.03115391731262207
51 0.029032468795776367
52 0.08467364311218262
53 0.08478808403015137
54 0.08346009254455566
55 0.08400464057922363
56 0.031394004821777344
57 0.08306288719177246
58 0.031785011291503906
59 0.016077518463134766
60 0.030835866928100586
61 0.03063035011291504
62 0.03183412551879883
63 0.08775067329406738
64 0.03240799903869629
65 0.01448965072631836
66 0.010838508605957031
67 0.033121347427368164
68 0.01443934440612793
69 0.0867009162902832
70 0.08426332473754883
71 0.08380675315856934
72 0.00920867919921875
73 0.031008481979370117
74 0.03225111961364746
75 0.08459186553955078
76 0.010056018829345703
77 0.009356975555419922
78 0.030759572982788086
79 0.030879497528076172
80 0.031321048736572266
81 0.09036993980407715
82 0.016709566116333008
83 0.01677417755126953
84 0.01648736000061035
85 0.09864377975463867
86 0.09015274047851562
87 0.03363823890686035
88 0.09419989585876465
89 0.10081076622009277
90 0.031992435455322266
91 0.08897519111633301
92 0.08752751350402832
93 0.0308377742767334
94 0.013592958450317383
95 0.034693241119384766
96 0.09072351455688477
97 0.011452436447143555
98 0.031723976135253906
99 0.015480756759643555
100 0.013480663299560547
1 0.0883779525756836
2 0.08128952980041504
3 0.030572175979614258
4 0.030378103256225586
5 0.011452674865722656
6 0.09052610397338867
7 0.08515334129333496
8 0.016096115112304688
9 0.008041620254516602
10 0.03144407272338867
11 0.0829763412475586
12 0.08175849914550781
13 0.030501127243041992
14 0.01130533218383789
15 0.011774778366088867
16 0.08324837684631348
17 0.030153512954711914
18 0.08925223350524902
19 0.03074193000793457
20 0.015602827072143555
21 0.030981063842773438
22 0.009788036346435547
23 0.030138015747070312
24 0.029639005661010742
25 0.08705878257751465
26 0.032262563705444336
27 0.08453798294067383
28 0.030761241912841797
29 0.015516996383666992
30 0.030099868774414062
31 0.08475875854492188
32 0.08246350288391113
33 0.09345388412475586
34 0.015937328338623047
35 0.03124380111694336
36 0.08600258827209473
37 0.08481812477111816
38 0.01586747169494629
39 0.08716082572937012
40 0.08902168273925781
41 0.016663789749145508
42 0.08931612968444824
43 0.08645510673522949
44 0.08812332153320312
45 0.03265023231506348
46 0.03151988983154297
47 0.08391761779785156
48 0.030400753021240234
49 0.08239054679870605
50 0.03028416633605957
51 0.030209779739379883
52 0.08835601806640625
53 0.08452677726745605
54 0.08166003227233887
55 0.08154654502868652
56 0.03024911880493164
57 0.08188748359680176
58 0.0312957763671875
59 0.015613794326782227
60 0.030373096466064453
61 0.031531333923339844
62 0.03184103965759277
63 0.08581280708312988
64 0.0319981575012207
65 0.013717889785766602
66 0.011394739151000977
67 0.03189396858215332
68 0.016112565994262695
69 0.09058237075805664
70 0.09194540977478027
71 0.08743166923522949
72 0.009398460388183594
73 0.03302597999572754
74 0.03101801872253418
75 0.08614945411682129
76 0.010271549224853516
77 0.008610725402832031
78 0.031115293502807617
79 0.031682491302490234
80 0.03122854232788086
81 0.0849306583404541
82 0.015797138214111328
83 0.015691518783569336
84 0.015751123428344727
85 0.08876395225524902
86 0.08800649642944336
87 0.031348466873168945
88 0.08544325828552246
89 0.08696317672729492
90 0.03171992301940918
91 0.08332014083862305
92 0.08028388023376465
93 0.030760765075683594
94 0.015857458114624023
95 0.030385971069335938
96 0.08405661582946777
97 0.011919736862182617
98 0.030396699905395508
99 0.015881776809692383
100 0.015509843826293945
1 0.0851435661315918
2 0.0852651596069336
3 0.03103923797607422
4 0.03369641304016113
5 0.011167764663696289
6 0.08543252944946289
7 0.08415746688842773
8 0.01617908477783203
9 0.0082550048828125
10 0.03273367881774902
11 0.09080648422241211
12 0.08363890647888184
13 0.030909299850463867
14 0.010776281356811523
15 0.010010004043579102
16 0.08370709419250488
17 0.030577421188354492
18 0.08393597602844238
19 0.031057119369506836
20 0.016050100326538086
21 0.030722379684448242
22 0.007418155670166016
23 0.03059554100036621
24 0.030552387237548828
25 0.08523988723754883
26 0.030457019805908203
27 0.10805463790893555
28 0.0317838191986084
29 0.013714075088500977
30 0.030951976776123047
31 0.0879666805267334
32 0.08788490295410156
33 0.09122514724731445
34 0.015164613723754883
35 0.030910968780517578
36 0.08713507652282715
37 0.0867006778717041
38 0.01627945899963379
39 0.08528327941894531
40 0.08714771270751953
41 0.013738393783569336
42 0.08738994598388672
43 0.08328557014465332
44 0.08298301696777344
45 0.03013014793395996
46 0.029515981674194336
47 0.08429789543151855
48 0.03103470802307129
49 0.08784604072570801
50 0.03040480613708496
51 0.029853105545043945
52 0.08434772491455078
53 0.0816965103149414
54 0.08225011825561523
55 0.08335280418395996
56 0.030895709991455078
57 0.08418560028076172
58 0.03003215789794922
59 0.015038490295410156
60 0.029471874237060547
61 0.029643774032592773
62 0.029616832733154297
63 0.08480358123779297
64 0.03046417236328125
65 0.015021800994873047
66 0.009155988693237305
67 0.029822826385498047
68 0.015120506286621094
69 0.08512568473815918
70 0.0865626335144043
71 0.0840611457824707
72 0.00880122184753418
73 0.031014204025268555
74 0.029833078384399414
75 0.08579516410827637
76 0.009312629699707031
77 0.008548736572265625
78 0.029719829559326172
79 0.030426740646362305
80 0.030831336975097656
81 0.0864858627319336
82 0.019162654876708984
83 0.017301559448242188
84 0.0158083438873291
85 0.09299087524414062
86 0.08960437774658203
87 0.03789973258972168
88 0.08358049392700195
89 0.0866861343383789
90 0.030272960662841797
91 0.08444690704345703
92 0.0847330093383789
93 0.030512094497680664
94 0.01502227783203125
95 0.03045964241027832
96 0.08545303344726562
97 0.010898113250732422
98 0.030925273895263672
99 0.015362262725830078
100 0.015218257904052734
1 0.08527970314025879
2 0.08557796478271484
3 0.03011798858642578
4 0.02986621856689453
5 0.010990619659423828
6 0.08831214904785156
7 0.08304572105407715
8 0.015049457550048828
9 0.007521629333496094
10 0.031233549118041992
11 0.08692741394042969
12 0.08487367630004883
13 0.03134918212890625
14 0.011147737503051758
15 0.00968170166015625
16 0.08782267570495605
17 0.031247615814208984
18 0.09344148635864258
19 0.030090808868408203
20 0.015040159225463867
21 0.030527353286743164
22 0.008689403533935547
23 0.030134201049804688
24 0.03001713752746582
25 0.08747291564941406
26 0.031055688858032227
27 0.0869903564453125
28 0.03202390670776367
29 0.016224145889282227
30 0.030055999755859375
31 0.08806085586547852
32 0.08362889289855957
33 0.08698272705078125
34 0.014914512634277344
35 0.030326128005981445
36 0.08742189407348633
37 0.0873861312866211
38 0.0162355899810791
39 0.08548903465270996
40 0.09302711486816406
41 0.016485214233398438
42 0.08800411224365234
43 0.08786821365356445
44 0.08947134017944336
45 0.03242826461791992
46 0.03141450881958008
47 0.08617520332336426
48 0.03116321563720703
49 0.08806729316711426
50 0.03119182586669922
51 0.03184008598327637
52 0.08867168426513672
53 0.10160493850708008
54 0.08592844009399414
55 0.0900123119354248
56 0.031220436096191406
57 0.08801531791687012
58 0.031225204467773438
59 0.016736745834350586
60 0.03108668327331543
61 0.031221389770507812
62 0.030309200286865234
63 0.08536529541015625
64 0.03063178062438965
65 0.01592087745666504
66 0.009136676788330078
67 0.030121803283691406
68 0.015150308609008789
69 0.08633041381835938
70 0.09813928604125977
71 0.08771204948425293
72 0.009030342102050781
73 0.031572818756103516
74 0.030112504959106445
75 0.08490324020385742
76 0.009217500686645508
77 0.00862264633178711
78 0.03006744384765625
79 0.03209829330444336
80 0.03064441680908203
81 0.0879526138305664
82 0.01567363739013672
83 0.013312339782714844
84 0.015179872512817383
85 0.08915567398071289
86 0.08690452575683594
87 0.031200170516967773
88 0.08820891380310059
89 0.08863711357116699
90 0.030677080154418945
91 0.08726286888122559
92 0.08666110038757324
93 0.03033757209777832
94 0.016138076782226562
95 0.030585289001464844
96 0.08889365196228027
97 0.011420249938964844
98 0.03064870834350586
99 0.016898632049560547
100 0.016652822494506836
1 0.08648324012756348
2 0.08492660522460938
3 0.03159594535827637
4 0.030710458755493164
5 0.01131582260131836
6 0.08867287635803223
7 0.08652329444885254
8 0.015401124954223633
9 0.008368492126464844
10 0.030704259872436523
11 0.08958148956298828
12 0.0845334529876709
13 0.03138160705566406
14 0.010874748229980469
15 0.009259223937988281
16 0.0844566822052002
17 0.03136444091796875
18 0.08646702766418457
19 0.03051447868347168
20 0.015130281448364258
21 0.030350685119628906
22 0.008917093276977539
23 0.030921459197998047
24 0.030335187911987305
25 0.08646488189697266
26 0.030616283416748047
27 0.08665156364440918
28 0.03163647651672363
29 0.019107341766357422
30 0.03148317337036133
31 0.08627009391784668
32 0.08641171455383301
33 0.08640360832214355
34 0.016297578811645508
35 0.030862808227539062
36 0.08950924873352051
37 0.0894324779510498
38 0.015318870544433594
39 0.08950996398925781
40 0.09163641929626465
41 0.015465259552001953
42 0.09040141105651855
43 0.08671021461486816
44 0.08876276016235352
45 0.03160691261291504
46 0.030426025390625
47 0.08541178703308105
48 0.031121015548706055
49 0.08794188499450684
50 0.030912160873413086
51 0.030112504959106445
52 0.08617281913757324
53 0.0835866928100586
54 0.08584427833557129
55 0.08340620994567871
56 0.031101703643798828
57 0.08679723739624023
58 0.031147003173828125
59 0.015178442001342773
60 0.030255794525146484
61 0.03079080581665039
62 0.030431747436523438
63 0.08736252784729004
64 0.03151130676269531
65 0.015298604965209961
66 0.011010169982910156
67 0.030579090118408203
68 0.01553487777709961
69 0.09084558486938477
70 0.09536623954772949
71 0.0923151969909668
72 0.00850224494934082
73 0.030869245529174805
74 0.030784130096435547
75 0.08602046966552734
76 0.010000467300415039
77 0.008545637130737305
78 0.03015899658203125
79 0.029883861541748047
80 0.030230045318603516
81 0.08515334129333496
82 0.015072345733642578
83 0.013210773468017578
84 0.015174388885498047
85 0.08534359931945801
86 0.08603930473327637
87 0.0308377742767334
88 0.0847930908203125
89 0.08413481712341309
90 0.03065633773803711
91 0.08874034881591797
92 0.08762550354003906
93 0.031219005584716797
94 0.015594244003295898
95 0.03079962730407715
96 0.08574056625366211
97 0.010897397994995117
98 0.0321955680847168
99 0.015404701232910156
100 0.015748023986816406
1 0.09076189994812012
2 0.08800745010375977
3 0.03138136863708496
4 0.03154277801513672
5 0.010805845260620117
6 0.08909440040588379
7 0.08522844314575195
8 0.016356706619262695
9 0.007300615310668945
10 0.030758142471313477
11 0.09080934524536133
12 0.08543872833251953
13 0.031980037689208984
14 0.01104283332824707
15 0.009433984756469727
16 0.0867762565612793
17 0.031093120574951172
18 0.08601045608520508
19 0.030252456665039062
20 0.0153656005859375
21 0.03004741668701172
22 0.008755207061767578
23 0.03306984901428223
24 0.0307919979095459
25 0.08739161491394043
26 0.03143930435180664
27 0.08766484260559082
28 0.031037330627441406
29 0.01570749282836914
30 0.030649423599243164
31 0.08961296081542969
32 0.08545494079589844
33 0.0890049934387207
34 0.01564311981201172
35 0.030199289321899414
36 0.08667969703674316
37 0.0887143611907959
38 0.015095233917236328
39 0.08743667602539062
40 0.08451509475708008
41 0.015297889709472656
42 0.08925652503967285
43 0.08679986000061035
44 0.09025239944458008
45 0.031494140625
46 0.030611038208007812
47 0.08843684196472168
48 0.03170943260192871
49 0.08541584014892578
50 0.034107208251953125
51 0.03460884094238281
52 0.08744096755981445
53 0.0852508544921875
54 0.08498167991638184
55 0.08559298515319824
56 0.03062748908996582
57 0.08458590507507324
58 0.03085041046142578
59 0.015059709548950195
60 0.030449390411376953
61 0.03301596641540527
62 0.036890268325805664
63 0.08712387084960938
64 0.03155374526977539
65 0.015011787414550781
66 0.009244441986083984
67 0.038315773010253906
68 0.015129566192626953
69 0.08787846565246582
70 0.08930253982543945
71 0.08807754516601562
72 0.00881195068359375
73 0.03170037269592285
74 0.031928062438964844
75 0.08835411071777344
76 0.00971531867980957
77 0.008260726928710938
78 0.030051708221435547
79 0.031030893325805664
80 0.030826091766357422
81 0.0871119499206543
82 0.015601873397827148
83 0.013904571533203125
84 0.015430450439453125
85 0.09121489524841309
86 0.08693289756774902
87 0.03150129318237305
88 0.08428215980529785
89 0.08712458610534668
90 0.037830352783203125
91 0.0948190689086914
92 0.08907938003540039
93 0.035434722900390625
94 0.01686716079711914
95 0.031284332275390625
96 0.09154534339904785
97 0.011333227157592773
98 0.03534412384033203
99 0.015013694763183594
100 0.014974355697631836
1 0.09143352508544922
2 0.09420347213745117
3 0.03131842613220215
4 0.030189990997314453
5 0.01076960563659668
6 0.08830547332763672
7 0.08509612083435059
8 0.015407323837280273
9 0.007335186004638672
10 0.03127932548522949
11 0.0899507999420166
12 0.08811020851135254
13 0.03138113021850586
14 0.011209726333618164
15 0.010272741317749023
16 0.0879669189453125
17 0.03275895118713379
18 0.09174489974975586
19 0.030982255935668945
20 0.016072511672973633
21 0.03056955337524414
22 0.008679628372192383
23 0.03364062309265137
24 0.03340864181518555
25 0.08843779563903809
26 0.030826330184936523
27 0.08896541595458984
28 0.03070378303527832
29 0.015244722366333008
30 0.03073573112487793
31 0.08578681945800781
32 0.08463764190673828
33 0.08730769157409668
34 0.015212297439575195
35 0.030480384826660156
36 0.08803248405456543
37 0.08553123474121094
38 0.015187978744506836
39 0.08553719520568848
40 0.08607625961303711
41 0.015392065048217773
42 0.08434700965881348
43 0.0867462158203125
44 0.08487558364868164
45 0.03031301498413086
46 0.03123021125793457
47 0.08784127235412598
48 0.03107428550720215
49 0.08696985244750977
50 0.03038954734802246
51 0.03013920783996582
52 0.08968329429626465
53 0.08566021919250488
54 0.08973336219787598
55 0.08585238456726074
56 0.030958175659179688
57 0.08792495727539062
58 0.030783891677856445
59 0.015181541442871094
60 0.030495405197143555
61 0.03168964385986328
62 0.03090357780456543
63 0.08737421035766602
64 0.036522865295410156
65 0.015075206756591797
66 0.009155988693237305
67 0.029927492141723633
68 0.015036582946777344
69 0.09221816062927246
70 0.09653544425964355
71 0.09452295303344727
72 0.01040339469909668
73 0.036957502365112305
74 0.03008246421813965
75 0.09711742401123047
76 0.009326457977294922
77 0.008449316024780273
78 0.030177831649780273
79 0.02996039390563965
80 0.03782224655151367
81 0.08875060081481934
82 0.015305757522583008
83 0.013348817825317383
84 0.014930009841918945
85 0.08933115005493164
86 0.08533835411071777
87 0.031018495559692383
88 0.08650398254394531
89 0.08955502510070801
90 0.03439927101135254
91 0.08592748641967773
92 0.09996294975280762
93 0.030756711959838867
94 0.014984846115112305
95 0.030269145965576172
96 0.09079861640930176
97 0.011172771453857422
98 0.03003978729248047
99 0.01528620719909668
100 0.014813661575317383
1 0.09123802185058594
2 0.08592414855957031
3 0.030468463897705078
4 0.029395341873168945
5 0.009972333908081055
6 0.08915281295776367
7 0.08456683158874512
8 0.01529073715209961
9 0.007277488708496094
10 0.032666683197021484
11 0.08576750755310059
12 0.08551216125488281
13 0.031430721282958984
14 0.01086735725402832
15 0.01070857048034668
16 0.08835697174072266
17 0.038892507553100586
18 0.08978462219238281
19 0.030686378479003906
20 0.01537775993347168
21 0.030172109603881836
22 0.008731603622436523
23 0.03213644027709961
24 0.030403614044189453
25 0.08750629425048828
26 0.030429363250732422
27 0.08771896362304688
28 0.030762195587158203
29 0.015388965606689453
30 0.030999422073364258
31 0.08951115608215332
32 0.08897876739501953
33 0.0864708423614502
34 0.015963315963745117
35 0.03128790855407715
36 0.08968496322631836
37 0.08609175682067871
38 0.016034841537475586
39 0.08471918106079102
40 0.08547735214233398
41 0.01636052131652832
42 0.08557438850402832
43 0.08458161354064941
44 0.0854182243347168
45 0.03090381622314453
46 0.031136035919189453
47 0.08495593070983887
48 0.031302690505981445
49 0.08519148826599121
50 0.03207111358642578
51 0.030567407608032227
52 0.08615946769714355
53 0.08423757553100586
54 0.08475518226623535
55 0.08353281021118164
56 0.03054046630859375
57 0.08134794235229492
58 0.031192302703857422
59 0.015282392501831055
60 0.02984929084777832
61 0.030095338821411133
62 0.029762744903564453
63 0.08304667472839355
64 0.03059244155883789
65 0.01523447036743164
66 0.00966024398803711
67 0.031198978424072266
68 0.015104532241821289
69 0.08665966987609863
70 0.08200526237487793
71 0.08336591720581055
72 0.008988142013549805
73 0.030612945556640625
74 0.03189349174499512
75 0.08434486389160156
76 0.009594440460205078
77 0.008382081985473633
78 0.030153512954711914
79 0.029928207397460938
80 0.030219316482543945
81 0.08395743370056152
82 0.015501976013183594
83 0.013303518295288086
84 0.01496434211730957
85 0.08583688735961914
86 0.08234071731567383
87 0.030124902725219727
88 0.08285212516784668
89 0.08348250389099121
90 0.029900074005126953
91 0.08561253547668457
92 0.08153843879699707
93 0.030214786529541016
94 0.01506805419921875
95 0.02991318702697754
96 0.08658480644226074
97 0.011051416397094727
98 0.029926538467407227
99 0.01509404182434082
100 0.015211820602416992
1 0.08617329597473145
2 0.08291268348693848
3 0.030147075653076172
4 0.02983546257019043
5 0.011114120483398438
6 0.08735370635986328
7 0.0842897891998291
8 0.0156552791595459
9 0.007333517074584961
10 0.03170204162597656
11 0.08546328544616699
12 0.0847177505493164
13 0.034714698791503906
14 0.010942935943603516
15 0.009464740753173828
16 0.0904843807220459
17 0.03082895278930664
18 0.08585429191589355
19 0.031209707260131836
20 0.015027284622192383
21 0.029981374740600586
22 0.009077072143554688
23 0.03217720985412598
24 0.030674457550048828
25 0.08680081367492676
26 0.030391693115234375
27 0.08591961860656738
28 0.03044295310974121
29 0.015186548233032227
30 0.03038763999938965
31 0.08666110038757324
32 0.08417224884033203
33 0.09099793434143066
34 0.015268802642822266
35 0.030548095703125
36 0.08881282806396484
37 0.08523440361022949
38 0.015340566635131836
39 0.0873575210571289
40 0.08655476570129395
41 0.015059471130371094
42 0.08578157424926758
43 0.08532071113586426
44 0.08496689796447754
45 0.03057575225830078
46 0.030239105224609375
47 0.08690524101257324
48 0.031072139739990234
49 0.08603072166442871
50 0.03145265579223633
51 0.030535221099853516
52 0.0869150161743164
53 0.08384847640991211
54 0.08743882179260254
55 0.0863955020904541
56 0.03073430061340332
57 0.0865030288696289
58 0.03053450584411621
59 0.014966964721679688
60 0.030104875564575195
61 0.030230998992919922
62 0.030008316040039062
63 0.08510184288024902
64 0.030877351760864258
65 0.014939069747924805
66 0.011065006256103516
67 0.031128406524658203
68 0.015893936157226562
69 0.08668899536132812
70 0.08723783493041992
71 0.0868523120880127
72 0.00885152816772461
73 0.031279802322387695
74 0.030956745147705078
75 0.0850534439086914
76 0.009313821792602539
77 0.008259057998657227
78 0.03031611442565918
79 0.029918909072875977
80 0.030471324920654297
81 0.08643102645874023
82 0.015474796295166016
83 0.013278722763061523
84 0.015193462371826172
85 0.08463120460510254
86 0.08324813842773438
87 0.030373573303222656
88 0.0833122730255127
89 0.08404803276062012
90 0.03193068504333496
91 0.09064269065856934
92 0.0913991928100586
93 0.03217673301696777
94 0.016415119171142578
95 0.03122425079345703
96 0.08621597290039062
97 0.011554956436157227
98 0.032514095306396484
99 0.015854358673095703
100 0.013115167617797852
1 0.09055924415588379
2 0.0858006477355957
3 0.034626007080078125
4 0.03035569190979004
5 0.010739564895629883
6 0.08674907684326172
7 0.08372950553894043
8 0.015271663665771484
9 0.008555889129638672
10 0.030223608016967773
11 0.08833742141723633
12 0.08974790573120117
13 0.030474185943603516
14 0.01091456413269043
15 0.010828256607055664
16 0.08754324913024902
17 0.030847787857055664
18 0.08734560012817383
19 0.0300900936126709
20 0.014927864074707031
21 0.030216217041015625
22 0.008578777313232422
23 0.03056168556213379
24 0.03136706352233887
25 0.08769559860229492
26 0.030386686325073242
27 0.08417510986328125
28 0.030698537826538086
29 0.015274286270141602
30 0.03005218505859375
31 0.08658313751220703
32 0.08493876457214355
33 0.08437466621398926
34 0.015200614929199219
35 0.030467748641967773
36 0.08601999282836914
37 0.08576536178588867
38 0.014957666397094727
39 0.08394312858581543
40 0.08499860763549805
41 0.015202045440673828
42 0.08615684509277344
43 0.08884596824645996
44 0.08860349655151367
45 0.031101226806640625
46 0.03020620346069336
47 0.0846097469329834
48 0.031958580017089844
49 0.08467602729797363
50 0.03001546859741211
51 0.029824256896972656
52 0.08563566207885742
53 0.08353281021118164
54 0.08424878120422363
55 0.08315587043762207
56 0.0316927433013916
57 0.08545637130737305
58 0.031082630157470703
59 0.0149688720703125
60 0.030361175537109375
61 0.03452444076538086
62 0.03174328804016113
63 0.08424806594848633
64 0.03121781349182129
65 0.015511274337768555
66 0.009176492691040039
67 0.03197669982910156
68 0.015172958374023438
69 0.08645987510681152
70 0.08508610725402832
71 0.09002923965454102
72 0.009031057357788086
73 0.030890226364135742
74 0.030350446701049805
75 0.08865690231323242
76 0.009664297103881836
77 0.008949756622314453
78 0.032436370849609375
79 0.030393123626708984
80 0.033887624740600586
81 0.08516931533813477
82 0.015700101852416992
83 0.016716957092285156
84 0.015291929244995117
85 0.09225130081176758
86 0.08639144897460938
87 0.03532981872558594
88 0.08396744728088379
89 0.0852956771850586
90 0.030972719192504883
91 0.08494853973388672
92 0.08298349380493164
93 0.03139185905456543
94 0.015548229217529297
95 0.03087449073791504
96 0.08842635154724121
97 0.01080322265625
98 0.03115248680114746
99 0.015130281448364258
100 0.01392507553100586
1 0.09070968627929688
2 0.08644938468933105
3 0.0332341194152832
4 0.029994964599609375
5 0.010924100875854492
6 0.09413671493530273
7 0.09200668334960938
8 0.01565265655517578
9 0.007298946380615234
10 0.03048229217529297
11 0.08743143081665039
12 0.0868535041809082
13 0.031084060668945312
14 0.01031637191772461
15 0.010548591613769531
16 0.09008622169494629
17 0.030409812927246094
18 0.08497858047485352
19 0.030170202255249023
20 0.015272378921508789
21 0.030214786529541016
22 0.010317325592041016
23 0.03388690948486328
24 0.030486583709716797
25 0.08632159233093262
26 0.0307462215423584
27 0.08686542510986328
28 0.030480384826660156
29 0.015205144882202148
30 0.030083894729614258
31 0.08495402336120605
32 0.08374142646789551
33 0.08462715148925781
34 0.015093803405761719
35 0.030308961868286133
36 0.08904767036437988
37 0.08562850952148438
38 0.015700101852416992
39 0.08585333824157715
40 0.08394098281860352
41 0.015516042709350586
42 0.0864570140838623
43 0.08624410629272461
44 0.0879054069519043
45 0.03100132942199707
46 0.02991485595703125
47 0.08661007881164551
48 0.030395030975341797
49 0.1095743179321289
50 0.029954910278320312
51 0.029345273971557617
52 0.08293724060058594
53 0.08202075958251953
54 0.0816807746887207
55 0.08187007904052734
56 0.030425548553466797
57 0.08098888397216797
58 0.030357837677001953
59 0.015176534652709961
60 0.029406070709228516
61 0.029765844345092773
62 0.02990555763244629
63 0.1024177074432373
64 0.034770965576171875
65 0.015164613723754883
66 0.0112762451171875
67 0.030101776123046875
68 0.015958786010742188
69 0.08219766616821289
70 0.0912480354309082
71 0.07999944686889648
72 0.008487224578857422
73 0.030933856964111328
74 0.029329538345336914
75 0.08230400085449219
76 0.009138822555541992
77 0.008826255798339844
78 0.029443025588989258
79 0.029065847396850586
80 0.029832124710083008
81 0.08135342597961426
82 0.01524662971496582
83 0.015719175338745117
84 0.018338918685913086
85 0.08402585983276367
86 0.08506178855895996
87 0.029972076416015625
88 0.08357405662536621
89 0.08365273475646973
90 0.029474258422851562
91 0.08427667617797852
92 0.0823664665222168
93 0.030628204345703125
94 0.015245437622070312
95 0.03525114059448242
96 0.09648489952087402
97 0.012379646301269531
98 0.03092169761657715
99 0.015321731567382812
100 0.01517796516418457
1 0.0866236686706543
2 0.08437204360961914
3 0.030126333236694336
4 0.03130316734313965
5 0.010632991790771484
6 0.0840916633605957
7 0.08544611930847168
8 0.016020774841308594
9 0.007302045822143555
10 0.032289743423461914
11 0.08345794677734375
12 0.0818333625793457
13 0.030025959014892578
14 0.010576963424682617
15 0.009199142456054688
16 0.0834503173828125
17 0.029631376266479492
18 0.08452272415161133
19 0.02986884117126465
20 0.014857769012451172
21 0.0292813777923584
22 0.008896589279174805
23 0.029753684997558594
24 0.030187368392944336
25 0.09011721611022949
26 0.03092050552368164
27 0.0864255428314209
28 0.0298001766204834
29 0.014887809753417969
30 0.030892133712768555
31 0.08438992500305176
32 0.0866696834564209
33 0.08838129043579102
34 0.01534271240234375
35 0.029408693313598633
36 0.0898740291595459
37 0.08883094787597656
38 0.015859365463256836
39 0.08952474594116211
40 0.08429503440856934
41 0.0157470703125
42 0.0890357494354248
43 0.08731865882873535
44 0.0839240550994873
45 0.03067803382873535
46 0.03111410140991211
47 0.08513975143432617
48 0.029874801635742188
49 0.08496975898742676
50 0.029829978942871094
51 0.029448270797729492
52 0.08385872840881348
53 0.0842733383178711
54 0.08399081230163574
55 0.08279728889465332
56 0.03058648109436035
57 0.08214950561523438
58 0.031225204467773438
59 0.014619588851928711
60 0.030584096908569336
61 0.029391765594482422
62 0.030132055282592773
63 0.08514618873596191
64 0.031139373779296875
65 0.015495061874389648
66 0.00939488410949707
67 0.03372979164123535
68 0.015003204345703125
69 0.08603477478027344
70 0.08205389976501465
71 0.08407735824584961
72 0.008550405502319336
73 0.031012773513793945
74 0.02976369857788086
75 0.08408403396606445
76 0.009684085845947266
77 0.008584022521972656
78 0.030050992965698242
79 0.02967047691345215
80 0.029557228088378906
81 0.08367800712585449
82 0.01622939109802246
83 0.013873577117919922
84 0.014354705810546875
85 0.08409619331359863
86 0.08620762825012207
87 0.030133724212646484
88 0.08568668365478516
89 0.08315563201904297
90 0.03011178970336914
91 0.08487749099731445
92 0.08288431167602539
93 0.02997875213623047
94 0.015093088150024414
95 0.029433250427246094
96 0.08270859718322754
97 0.011236906051635742
98 0.03080129623413086
99 0.014932870864868164
100 0.012944936752319336
1 0.08707571029663086
2 0.08489823341369629
3 0.030344009399414062
4 0.02984476089477539
5 0.010556221008300781
6 0.08569145202636719
7 0.08169031143188477
8 0.015990495681762695
9 0.007222414016723633
10 0.030254602432250977
11 0.08314895629882812
12 0.0839841365814209
13 0.03107619285583496
14 0.010312795639038086
15 0.00941777229309082
16 0.08374357223510742
17 0.030741453170776367
18 0.08430004119873047
19 0.029956817626953125
20 0.01284170150756836
21 0.03352212905883789
22 0.008810281753540039
23 0.033393144607543945
24 0.030536890029907227
25 0.0836937427520752
26 0.030343055725097656
27 0.08528995513916016
28 0.029992103576660156
29 0.015212535858154297
30 0.02988719940185547
31 0.08315920829772949
32 0.08223819732666016
33 0.08474540710449219
34 0.015386343002319336
35 0.03050088882446289
36 0.08491921424865723
37 0.08186578750610352
38 0.015275001525878906
39 0.08905458450317383
40 0.0874013900756836
41 0.01544499397277832
42 0.08558893203735352
43 0.08673453330993652
44 0.08544111251831055
45 0.03009510040283203
46 0.030631303787231445
47 0.08355879783630371
48 0.03026890754699707
49 0.08904099464416504
50 0.030620574951171875
51 0.0299837589263916
52 0.08405041694641113
53 0.08310914039611816
54 0.08275556564331055
55 0.08262324333190918
56 0.030347585678100586
57 0.08273196220397949
58 0.030602693557739258
59 0.015175104141235352
60 0.030328750610351562
61 0.030165433883666992
62 0.030719280242919922
63 0.08567667007446289
64 0.030268192291259766
65 0.015715360641479492
66 0.01123666763305664
67 0.0306851863861084
68 0.013451337814331055
69 0.08836531639099121
70 0.08214473724365234
71 0.08596634864807129
72 0.008592367172241211
73 0.03118300437927246
74 0.030153512954711914
75 0.0862123966217041
76 0.009200096130371094
77 0.00969696044921875
78 0.031965017318725586
79 0.03134346008300781
80 0.03172159194946289
81 0.08438324928283691
82 0.016308069229125977
83 0.015853404998779297
84 0.01369786262512207
85 0.08596396446228027
86 0.08582234382629395
87 0.03181052207946777
88 0.08419299125671387
89 0.08362770080566406
90 0.030859708786010742
91 0.08394312858581543
92 0.08331012725830078
93 0.031581878662109375
94 0.01604771614074707
95 0.03109574317932129
96 0.0895838737487793
97 0.012345314025878906
98 0.030994415283203125
99 0.01595330238342285
100 0.01600813865661621
1 0.08544087409973145
2 0.08500552177429199
3 0.031530141830444336
4 0.031069040298461914
5 0.011283159255981445
6 0.08827352523803711
7 0.0844261646270752
8 0.016106605529785156
9 0.007517099380493164
10 0.03464913368225098
11 0.08535575866699219
12 0.08454418182373047
13 0.03113698959350586
14 0.011455774307250977
15 0.009156227111816406
16 0.08453512191772461
17 0.03130626678466797
18 0.08674049377441406
19 0.031561851501464844
20 0.015671491622924805
21 0.030726909637451172
22 0.009736299514770508
23 0.030618667602539062
24 0.03204083442687988
25 0.08594036102294922
26 0.03141331672668457
27 0.08436012268066406
28 0.030909061431884766
29 0.015871047973632812
30 0.031888723373413086
31 0.09677958488464355
32 0.08485579490661621
33 0.08362722396850586
34 0.016305923461914062
35 0.030970335006713867
36 0.08684444427490234
37 0.09161138534545898
38 0.016968965530395508
39 0.08705711364746094
40 0.08658671379089355
41 0.013645172119140625
42 0.08959841728210449
43 0.08820414543151855
44 0.0900728702545166
45 0.03159356117248535
46 0.030768632888793945
47 0.08799529075622559
48 0.03173232078552246
49 0.08579301834106445
50 0.03123784065246582
51 0.03366446495056152
52 0.08743953704833984
53 0.09249711036682129
54 0.10438346862792969
55 0.10251426696777344
56 0.03213834762573242
57 0.09276938438415527
58 0.0347445011138916
59 0.017377376556396484
60 0.03323650360107422
61 0.029584169387817383
62 0.03106975555419922
63 0.08735013008117676
64 0.03193855285644531
65 0.015583515167236328
66 0.009984016418457031
67 0.03165149688720703
68 0.013254880905151367
69 0.09168481826782227
70 0.08925771713256836
71 0.08804106712341309
72 0.007323741912841797
73 0.031617164611816406
74 0.03128933906555176
75 0.08903241157531738
76 0.008468389511108398
77 0.009317398071289062
78 0.030928611755371094
79 0.030142545700073242
80 0.03038954734802246
81 0.08653497695922852
82 0.013983964920043945
83 0.015059709548950195
84 0.015970230102539062
85 0.10303831100463867
86 0.0862884521484375
87 0.03321075439453125
88 0.08906841278076172
89 0.0942533016204834
90 0.033219337463378906
91 0.08530282974243164
92 0.0826115608215332
93 0.030513763427734375
94 0.01601243019104004
95 0.03030705451965332
96 0.08805584907531738
97 0.011226892471313477
98 0.030103445053100586
99 0.015108585357666016
100 0.013387203216552734
1 0.08860301971435547
2 0.0836331844329834
3 0.030313491821289062
4 0.02976202964782715
5 0.011120319366455078
6 0.08738350868225098
7 0.08568668365478516
8 0.01530909538269043
9 0.007281064987182617
10 0.032652854919433594
11 0.08449435234069824
12 0.08189940452575684
13 0.030595064163208008
14 0.008972644805908203
15 0.00843501091003418
16 0.0855865478515625
17 0.03089141845703125
18 0.08472037315368652
19 0.030457019805908203
20 0.015127420425415039
21 0.030095577239990234
22 0.008617162704467773
23 0.031371355056762695
24 0.030382633209228516
25 0.09041833877563477
26 0.03021717071533203
27 0.08524084091186523
28 0.03063178062438965
29 0.013100862503051758
30 0.030753135681152344
31 0.08676981925964355
32 0.08481836318969727
33 0.08317279815673828
34 0.015995264053344727
35 0.031064510345458984
36 0.08403515815734863
37 0.08165717124938965
38 0.01500701904296875
39 0.08452844619750977
40 0.09031057357788086
41 0.012979507446289062
42 0.08897686004638672
43 0.08655333518981934
44 0.0991814136505127
45 0.030573606491088867
46 0.030913591384887695
47 0.10532641410827637
48 0.03384232521057129
49 0.08943653106689453
50 0.030583858489990234
51 0.03065657615661621
52 0.08685803413391113
53 0.08658528327941895
54 0.08373808860778809
55 0.08296918869018555
56 0.03035449981689453
57 0.08211112022399902
58 0.03000044822692871
59 0.015069961547851562
60 0.02949810028076172
61 0.030123233795166016
62 0.02991342544555664
63 0.08279037475585938
64 0.030461549758911133
65 0.01506948471069336
66 0.008865594863891602
67 0.032447099685668945
68 0.015196561813354492
69 0.08362555503845215
70 0.08275771141052246
71 0.08322477340698242
72 0.008455514907836914
73 0.03368711471557617
74 0.03555130958557129
75 0.0851750373840332
76 0.009486198425292969
77 0.008430004119873047
78 0.02999591827392578
79 0.030584096908569336
80 0.030410051345825195
81 0.08242964744567871
82 0.015457868576049805
83 0.015527486801147461
84 0.01503300666809082
85 0.08481955528259277
86 0.08365440368652344
87 0.029804706573486328
88 0.08233189582824707
89 0.08533692359924316
90 0.029663562774658203
91 0.08469867706298828
92 0.08163118362426758
93 0.029823780059814453
94 0.01517176628112793
95 0.030083417892456055
96 0.08283257484436035
97 0.011105775833129883
98 0.031720638275146484
99 0.015699386596679688
100 0.014193058013916016
1 0.08844828605651855
2 0.09445405006408691
3 0.03047943115234375
4 0.030187368392944336
5 0.011227846145629883
6 0.09271407127380371
7 0.0827939510345459
8 0.015054702758789062
9 0.007295370101928711
10 0.030704498291015625
11 0.08411264419555664
12 0.0818643569946289
13 0.0312809944152832
14 0.011024236679077148
15 0.009176492691040039
16 0.08278298377990723
17 0.030162334442138672
18 0.08245038986206055
19 0.030054569244384766
20 0.015065431594848633
21 0.029844045639038086
22 0.00844573974609375
23 0.031221866607666016
24 0.030083417892456055
25 0.08402204513549805
26 0.029676198959350586
27 0.08303427696228027
28 0.030614614486694336
29 0.015251636505126953
30 0.0301973819732666
31 0.08371257781982422
32 0.08313798904418945
33 0.08668947219848633
34 0.01564645767211914
35 0.03132224082946777
36 0.08791971206665039
37 0.08484268188476562
38 0.015912532806396484
39 0.08271479606628418
40 0.08501863479614258
41 0.015278816223144531
42 0.08405375480651855
43 0.08305239677429199
44 0.08324456214904785
45 0.029813289642333984
46 0.02987074851989746
47 0.08343029022216797
48 0.02964639663696289
49 0.08399462699890137
50 0.03010082244873047
51 0.03075242042541504
52 0.08319735527038574
53 0.08309221267700195
54 0.08498215675354004
55 0.08209395408630371
56 0.029757022857666016
57 0.08177423477172852
58 0.031220436096191406
59 0.015028715133666992
60 0.02942204475402832
61 0.03507590293884277
62 0.03357958793640137
63 0.08751416206359863
64 0.033386945724487305
65 0.015220403671264648
66 0.011983156204223633
67 0.03233218193054199
68 0.015226602554321289
69 0.08690929412841797
70 0.08292078971862793
71 0.08347034454345703
72 0.008632421493530273
73 0.030890226364135742
74 0.0297701358795166
75 0.08398771286010742
76 0.00934910774230957
77 0.008404970169067383
78 0.0295407772064209
79 0.02994513511657715
80 0.029885053634643555
81 0.08211159706115723
82 0.015278100967407227
83 0.013626337051391602
84 0.014358997344970703
85 0.08482050895690918
86 0.08124136924743652
87 0.030788183212280273
88 0.08319902420043945
89 0.08359265327453613
90 0.029850006103515625
91 0.08820414543151855
92 0.08271384239196777
93 0.03025984764099121
94 0.015076637268066406
95 0.03038167953491211
96 0.08794760704040527
97 0.011174917221069336
98 0.03066849708557129
99 0.015245199203491211
100 0.013703346252441406
1 0.08639311790466309
2 0.08186459541320801
3 0.0321812629699707
4 0.02942490577697754
5 0.010610342025756836
6 0.08838677406311035
7 0.0864570140838623
8 0.015083551406860352
9 0.007256269454956055
10 0.03001546859741211
11 0.0839698314666748
12 0.08296394348144531
13 0.029981374740600586
14 0.010727167129516602
15 0.01027369499206543
16 0.08498263359069824
17 0.030782222747802734
18 0.0836327075958252
19 0.030517101287841797
20 0.015137195587158203
21 0.029912948608398438
22 0.008473634719848633
23 0.03179645538330078
24 0.030046701431274414
25 0.08478307723999023
26 0.0311582088470459
27 0.0827174186706543
28 0.029819726943969727
29 0.015193462371826172
30 0.035572052001953125
31 0.08570170402526855
32 0.08518242835998535
33 0.0878305435180664
34 0.014875650405883789
35 0.034097909927368164
36 0.08519864082336426
37 0.08292651176452637
38 0.014983892440795898
39 0.08329391479492188
40 0.08309388160705566
41 0.015246391296386719
42 0.08319330215454102
43 0.08210587501525879
44 0.08312129974365234
45 0.03158831596374512
46 0.029851913452148438
47 0.0826718807220459
48 0.0304410457611084
49 0.08403372764587402
50 0.030146360397338867
51 0.029584646224975586
52 0.08362293243408203
53 0.08249855041503906
54 0.08370757102966309
55 0.08153629302978516
56 0.030856609344482422
57 0.08222723007202148
58 0.03029155731201172
59 0.014978408813476562
60 0.03031468391418457
61 0.030303239822387695
62 0.03010845184326172
63 0.08222079277038574
64 0.030209779739379883
65 0.014954566955566406
66 0.010177850723266602
67 0.030945777893066406
68 0.01520538330078125
69 0.08410358428955078
70 0.08297181129455566
71 0.08400893211364746
72 0.008504867553710938
73 0.030066728591918945
74 0.031164169311523438
75 0.08678555488586426
76 0.009466171264648438
77 0.008605480194091797
78 0.03026556968688965
79 0.030211210250854492
80 0.029822111129760742
81 0.08425760269165039
82 0.015070438385009766
83 0.013060569763183594
84 0.014919757843017578
85 0.08273768424987793
86 0.08282756805419922
87 0.03014349937438965
88 0.08138799667358398
89 0.08416581153869629
90 0.030268192291259766
91 0.08316159248352051
92 0.0827639102935791
93 0.030849218368530273
94 0.015089273452758789
95 0.02986311912536621
96 0.08856344223022461
97 0.010900259017944336
98 0.035592079162597656
99 0.01597118377685547
100 0.015257835388183594
1 0.08330464363098145
2 0.08483076095581055
3 0.030741214752197266
4 0.02982807159423828
5 0.011192798614501953
6 0.08462667465209961
7 0.08685922622680664
8 0.01729583740234375
9 0.007177114486694336
10 0.030223369598388672
11 0.08765292167663574
12 0.08127927780151367
13 0.030888795852661133
14 0.01096200942993164
15 0.008952856063842773
16 0.08264970779418945
17 0.03058767318725586
18 0.0839531421661377
19 0.029677152633666992
20 0.015482425689697266
21 0.032607316970825195
22 0.008779048919677734
23 0.03127884864807129
24 0.030205726623535156
25 0.08211016654968262
26 0.03048229217529297
27 0.08271503448486328
28 0.0299375057220459
29 0.014955282211303711
30 0.029385805130004883
31 0.08320951461791992
32 0.08191466331481934
33 0.08503103256225586
34 0.015930891036987305
35 0.03017568588256836
36 0.08261966705322266
37 0.0824742317199707
38 0.015140056610107422
39 0.0831449031829834
40 0.08380746841430664
41 0.016213178634643555
42 0.08514690399169922
43 0.0819556713104248
44 0.0847787857055664
45 0.02973484992980957
46 0.02942204475402832
47 0.08426690101623535
48 0.029906034469604492
49 0.0819089412689209
50 0.030228614807128906
51 0.0297238826751709
52 0.08437466621398926
53 0.08423399925231934
54 0.08270692825317383
55 0.08184289932250977
56 0.03037428855895996
57 0.08278632164001465
58 0.0306088924407959
59 0.015239953994750977
60 0.030861616134643555
61 0.029683589935302734
62 0.029748201370239258
63 0.08456635475158691
64 0.030241727828979492
65 0.015276193618774414
66 0.00888204574584961
67 0.030274152755737305
68 0.015193939208984375
69 0.08378410339355469
70 0.0825042724609375
71 0.08384203910827637
72 0.008850574493408203
73 0.03152608871459961
74 0.029964447021484375
75 0.08286166191101074
76 0.009046554565429688
77 0.008579492568969727
78 0.030353784561157227
79 0.030190706253051758
80 0.030286073684692383
81 0.08280086517333984
82 0.015375137329101562
83 0.013373374938964844
84 0.014982461929321289
85 0.08330273628234863
86 0.08304190635681152
87 0.030892372131347656
88 0.08343052864074707
89 0.08323836326599121
90 0.030199289321899414
91 0.08287715911865234
92 0.08293652534484863
93 0.03026127815246582
94 0.015133142471313477
95 0.030317068099975586
96 0.08386921882629395
97 0.010687112808227539
98 0.031810760498046875
99 0.015332937240600586
100 0.013634681701660156
1 0.08727502822875977
2 0.08258795738220215
3 0.030231475830078125
4 0.030636310577392578
5 0.008806467056274414
6 0.08627104759216309
7 0.08255267143249512
8 0.015140533447265625
9 0.00764012336730957
10 0.02950286865234375
11 0.08644986152648926
12 0.08285164833068848
13 0.030168533325195312
14 0.010558843612670898
15 0.009345054626464844
16 0.08543562889099121
17 0.030695676803588867
18 0.08310079574584961
19 0.0301053524017334
20 0.015046119689941406
21 0.029828548431396484
22 0.008841514587402344
23 0.03137636184692383
24 0.02978968620300293
25 0.08526158332824707
26 0.030213356018066406
27 0.0829153060913086
28 0.030169963836669922
29 0.01564812660217285
30 0.030120372772216797
31 0.08406901359558105
32 0.08278584480285645
33 0.08608031272888184
34 0.015314340591430664
35 0.02977275848388672
36 0.08666849136352539
37 0.08292126655578613
38 0.015585660934448242
39 0.08327364921569824
40 0.08423066139221191
41 0.015660524368286133
42 0.0829935073852539
43 0.08336305618286133
44 0.0833594799041748
45 0.029727458953857422
46 0.030028820037841797
47 0.083465576171875
48 0.02957916259765625
49 0.08325886726379395
50 0.03005671501159668
51 0.02935504913330078
52 0.08414816856384277
53 0.09653949737548828
54 0.08234214782714844
55 0.08537769317626953
56 0.03356051445007324
57 0.09231281280517578
58 0.03295326232910156
59 0.015772581100463867
60 0.03543806076049805
61 0.03407454490661621
62 0.03426218032836914
63 0.08939981460571289
64 0.03352952003479004
65 0.015452861785888672
66 0.012609004974365234
67 0.032334089279174805
68 0.015447378158569336
69 0.08408546447753906
70 0.08456993103027344
71 0.08113598823547363
72 0.00887918472290039
73 0.03165578842163086
74 0.02967548370361328
75 0.08213019371032715
76 0.00955963134765625
77 0.008418083190917969
78 0.034174442291259766
79 0.031519174575805664
80 0.030011653900146484
81 0.08664178848266602
82 0.01641392707824707
83 0.015280723571777344
84 0.01611161231994629
85 0.08540582656860352
86 0.0825965404510498
87 0.030306577682495117
88 0.08322882652282715
89 0.0826573371887207
90 0.02942180633544922
91 0.08786630630493164
92 0.08202934265136719
93 0.030477523803710938
94 0.015178442001342773
95 0.02966904640197754
96 0.0832676887512207
97 0.010795116424560547
98 0.030308961868286133
99 0.015486001968383789
100 0.018201589584350586
1 0.09191441535949707
2 0.0872189998626709
3 0.03333711624145508
4 0.034275054931640625
5 0.01066899299621582
6 0.09163546562194824
7 0.08260846138000488
8 0.015012979507446289
9 0.007303953170776367
10 0.031624555587768555
11 0.08341789245605469
12 0.08314800262451172
13 0.030111312866210938
14 0.010056018829345703
15 0.009783029556274414
16 0.08191275596618652
17 0.030117273330688477
18 0.08389115333557129
19 0.02969813346862793
20 0.014890670776367188
21 0.03003668785095215
22 0.00859379768371582
23 0.03198552131652832
24 0.03319048881530762
25 0.08700823783874512
26 0.03064274787902832
27 0.0832526683807373
28 0.030098915100097656
29 0.015001535415649414
30 0.029698610305786133
31 0.08331608772277832
32 0.08607602119445801
33 0.08349967002868652
34 0.015117645263671875
35 0.030597209930419922
36 0.08500957489013672
37 0.08170270919799805
38 0.015057563781738281
39 0.08284783363342285
40 0.08318877220153809
41 0.015179872512817383
42 0.08415484428405762
43 0.08203268051147461
44 0.08284950256347656
45 0.030041217803955078
46 0.030071020126342773
47 0.08483695983886719
48 0.030222415924072266
49 0.08651423454284668
50 0.03029489517211914
51 0.029992341995239258
52 0.08321237564086914
53 0.08278107643127441
54 0.0841219425201416
55 0.08113360404968262
56 0.029955625534057617
57 0.08269381523132324
58 0.030398130416870117
59 0.01488947868347168
60 0.030026674270629883
61 0.02948617935180664
62 0.02979302406311035
63 0.08363151550292969
64 0.030114173889160156
65 0.014937639236450195
66 0.00902867317199707
67 0.032166242599487305
68 0.015003681182861328
69 0.08320116996765137
70 0.0832974910736084
71 0.08611416816711426
72 0.008558034896850586
73 0.03188037872314453
74 0.02994394302368164
75 0.08539390563964844
76 0.009316444396972656
77 0.008303642272949219
78 0.029904842376708984
79 0.02954268455505371
80 0.029995441436767578
81 0.0825808048248291
82 0.015201091766357422
83 0.014734506607055664
84 0.015784502029418945
85 0.08471107482910156
86 0.08223080635070801
87 0.030649900436401367
88 0.08168458938598633
89 0.08295822143554688
90 0.031055688858032227
91 0.08381319046020508
92 0.08269047737121582
93 0.03020763397216797
94 0.015032052993774414
95 0.029987573623657227
96 0.086273193359375
97 0.010933399200439453
98 0.030945539474487305
99 0.015258550643920898
100 0.012846708297729492
1 0.08605742454528809
2 0.08226776123046875
3 0.030144214630126953
4 0.030543088912963867
5 0.011379241943359375
6 0.08629179000854492
7 0.08237171173095703
8 0.01623845100402832
9 0.00715947151184082
10 0.03082561492919922
11 0.08565020561218262
12 0.08277583122253418
13 0.030135393142700195
14 0.010930061340332031
15 0.009738922119140625
16 0.08784198760986328
17 0.03128528594970703
18 0.08381199836730957
19 0.029814958572387695
20 0.015223979949951172
21 0.0297853946685791
22 0.008740663528442383
23 0.03146219253540039
24 0.029755830764770508
25 0.08336448669433594
26 0.02982950210571289
27 0.08348536491394043
28 0.03069615364074707
29 0.015965938568115234
30 0.030230998992919922
31 0.0833284854888916
32 0.08285808563232422
33 0.0833590030670166
34 0.014966249465942383
35 0.029890060424804688
36 0.08366584777832031
37 0.08315396308898926
38 0.015351057052612305
39 0.08213210105895996
40 0.08223462104797363
41 0.015775442123413086
42 0.08199787139892578
43 0.08349180221557617
44 0.08348464965820312
45 0.029690027236938477
46 0.02993464469909668
47 0.0836324691772461
48 0.029801368713378906
49 0.0847163200378418
50 0.031284332275390625
51 0.029771089553833008
52 0.0831139087677002
53 0.08383345603942871
54 0.08286809921264648
55 0.08148312568664551
56 0.03029799461364746
57 0.08121991157531738
58 0.03079843521118164
59 0.015024423599243164
60 0.029397249221801758
61 0.030086755752563477
62 0.029738426208496094
63 0.08455371856689453
64 0.03402304649353027
65 0.015273094177246094
66 0.009060382843017578
67 0.034139156341552734
68 0.01704263687133789
69 0.09099841117858887
70 0.08626461029052734
71 0.08736205101013184
72 0.00832223892211914
73 0.03143882751464844
74 0.03031635284423828
75 0.08386802673339844
76 0.009242773056030273
77 0.008450508117675781
78 0.029879331588745117
79 0.029766082763671875
80 0.029750585556030273
81 0.08196187019348145
82 0.015338659286499023
83 0.013873815536499023
84 0.014158487319946289
85 0.08429408073425293
86 0.08341503143310547
87 0.034368038177490234
88 0.08187437057495117
89 0.08325719833374023
90 0.030162572860717773
91 0.08399176597595215
92 0.08367753028869629
93 0.031446218490600586
94 0.015515327453613281
95 0.0306551456451416
96 0.0850522518157959
97 0.0111083984375
98 0.03237724304199219
99 0.016036272048950195
100 0.014357566833496094
1 0.08585691452026367
2 0.08241152763366699
3 0.030363798141479492
4 0.030182838439941406
5 0.010047435760498047
6 0.08762884140014648
7 0.08283782005310059
8 0.015496253967285156
9 0.008441448211669922
10 0.032439231872558594
11 0.08464717864990234
12 0.08191585540771484
13 0.030951976776123047
14 0.010619640350341797
15 0.009052753448486328
16 0.08566689491271973
17 0.030303955078125
18 0.08271145820617676
19 0.03042435646057129
20 0.012911796569824219
21 0.029927968978881836
22 0.008630037307739258
23 0.0311281681060791
24 0.030357837677001953
25 0.08310914039611816
26 0.031003236770629883
27 0.08279776573181152
28 0.03126263618469238
29 0.015987634658813477
30 0.030391216278076172
31 0.08461308479309082
32 0.08344841003417969
33 0.08496689796447754
34 0.016035795211791992
35 0.030524492263793945
36 0.08521485328674316
37 0.08511519432067871
38 0.015857458114624023
39 0.08788013458251953
40 0.08843326568603516
41 0.014928102493286133
42 0.08500313758850098
43 0.08384156227111816
44 0.08289480209350586
45 0.03009486198425293
46 0.02983546257019043
47 0.08363556861877441
48 0.030138015747070312
49 0.08366250991821289
50 0.029920101165771484
51 0.02940821647644043
52 0.08397293090820312
53 0.08244204521179199
54 0.08376836776733398
55 0.0823979377746582
56 0.0302584171295166
57 0.08262276649475098
58 0.03026437759399414
59 0.014905214309692383
60 0.029988765716552734
61 0.029755353927612305
62 0.030059337615966797
63 0.08417606353759766
64 0.030173301696777344
65 0.012779712677001953
66 0.009454965591430664
67 0.0317988395690918
68 0.015278816223144531
69 0.08467841148376465
70 0.08373427391052246
71 0.0832374095916748
72 0.00856781005859375
73 0.029830455780029297
74 0.031354427337646484
75 0.08347868919372559
76 0.00964212417602539
77 0.008416175842285156
78 0.02995896339416504
79 0.03042888641357422
80 0.029726028442382812
81 0.08156514167785645
82 0.015216588973999023
83 0.01450204849243164
84 0.013874292373657227
85 0.08420991897583008
86 0.08079028129577637
87 0.030126094818115234
88 0.08208012580871582
89 0.08376765251159668
90 0.030063390731811523
91 0.08227181434631348
92 0.08248758316040039
93 0.030333995819091797
94 0.015285730361938477
95 0.02991938591003418
96 0.08484292030334473
97 0.011068344116210938
98 0.031027793884277344
99 0.015842914581298828
100 0.015540122985839844
1 0.08086633682250977
2 0.08235359191894531
3 0.030028343200683594
4 0.031173229217529297
5 0.009727716445922852
6 0.09562087059020996
7 0.08707785606384277
8 0.012953758239746094
9 0.009193897247314453
10 0.02942800521850586
11 0.08656454086303711
12 0.08511018753051758
13 0.03092789649963379
14 0.009054183959960938
15 0.010951519012451172
16 0.08707976341247559
17 0.030287504196166992
18 0.08836150169372559
19 0.029996395111083984
20 0.013264179229736328
21 0.030462026596069336
22 0.007413387298583984
23 0.03172016143798828
24 0.03343820571899414
25 0.09360861778259277
26 0.03094792366027832
27 0.0885162353515625
28 0.03039407730102539
29 0.014001131057739258
30 0.03180122375488281
31 0.08678960800170898
32 0.10646390914916992
33 0.08597898483276367
34 0.015905380249023438
35 0.029926538467407227
36 0.08731555938720703
37 0.08176064491271973
38 0.015096902847290039
39 0.08261251449584961
40 0.08441925048828125
41 0.015187501907348633
42 0.08344721794128418
43 0.08270668983459473
44 0.08529424667358398
45 0.030864477157592773
46 0.03037261962890625
47 0.0845341682434082
48 0.030183792114257812
49 0.08349037170410156
50 0.030547618865966797
51 0.029924392700195312
52 0.08323192596435547
53 0.08277201652526855
54 0.08224797248840332
55 0.08252406120300293
56 0.029938936233520508
57 0.08406829833984375
58 0.03049302101135254
59 0.015607833862304688
60 0.03061652183532715
61 0.030185222625732422
62 0.03047633171081543
63 0.08521771430969238
64 0.034006357192993164
65 0.013464927673339844
66 0.01045083999633789
67 0.034832000732421875
68 0.01637434959411621
69 0.08876585960388184
70 0.0878744125366211
71 0.08667755126953125
72 0.007289886474609375
73 0.0323643684387207
74 0.02982306480407715
75 0.08290505409240723
76 0.00921177864074707
77 0.008231878280639648
78 0.030691146850585938
79 0.03035116195678711
80 0.029964923858642578
81 0.08485722541809082
82 0.013811826705932617
83 0.015282154083251953
84 0.015018463134765625
85 0.08868622779846191
86 0.08384227752685547
87 0.03319573402404785
88 0.08878827095031738
89 0.08298897743225098
90 0.033277034759521484
91 0.08431100845336914
92 0.08791327476501465
93 0.0306246280670166
94 0.015076637268066406
95 0.030011653900146484
96 0.08734679222106934
97 0.011483430862426758
98 0.03125333786010742
99 0.014945507049560547
100 0.016943931579589844
101 0.08572530746459961
102 0.015373468399047852
103 0.029975175857543945
104 0.09414553642272949
105 0.08435726165771484
106 0.015610218048095703
107 0.030089378356933594
108 0.008939266204833984
109 0.08832955360412598
110 0.08275723457336426
111 0.08313989639282227
112 0.03026103973388672
113 0.08597493171691895
114 0.008835792541503906
115 0.08624625205993652
116 0.00956416130065918
117 0.008509159088134766
118 0.010846376419067383
119 0.08467316627502441
120 0.08299779891967773
121 0.03081512451171875
122 0.08221244812011719
123 0.03072524070739746
124 0.009141683578491211
125 0.015088796615600586
126 0.09111833572387695
127 0.08195209503173828
128 0.03017401695251465
129 0.02944803237915039
130 0.014645576477050781
131 0.08420038223266602
132 0.08255267143249512
133 0.030383825302124023
134 0.008944988250732422
135 0.08436107635498047
136 0.08068275451660156
137 0.014756441116333008
138 0.0801856517791748
139 0.08047676086425781
140 0.029937028884887695
141 0.029415130615234375
142 0.030332326889038086
143 0.08162283897399902
144 0.0812387466430664
145 0.08101511001586914
146 0.010524272918701172
147 0.013847827911376953
148 0.009324312210083008
149 0.015105724334716797
150 0.008140087127685547
151 0.08535194396972656
152 0.08298730850219727
153 0.029891014099121094
154 0.029015541076660156
155 0.08262777328491211
156 0.08168840408325195
157 0.0809938907623291
158 0.015227317810058594
159 0.029074668884277344
160 0.029321908950805664
161 0.009226322174072266
162 0.009634017944335938
163 0.08390069007873535
164 0.010715484619140625
165 0.015036821365356445
166 0.08352923393249512
167 0.029560089111328125
168 0.08448457717895508
169 0.013048410415649414
170 0.031197547912597656
171 0.08444619178771973
172 0.012889385223388672
173 0.08178138732910156
174 0.08101940155029297
175 0.029631614685058594
176 0.014832496643066406
177 0.08257555961608887
178 0.08157467842102051
179 0.08051490783691406
180 0.08123111724853516
181 0.00913095474243164
182 0.03251004219055176
183 0.007147312164306641
184 0.08051443099975586
185 0.0801706314086914
186 0.08210897445678711
187 0.008982181549072266
188 0.08224630355834961
189 0.029331445693969727
190 0.010819673538208008
191 0.08368158340454102
192 0.029634475708007812
193 0.08263349533081055
194 0.07974505424499512
195 0.08225893974304199
196 0.029903173446655273
197 0.010925054550170898
198 0.029840707778930664
199 0.082122802734375
200 0.009313821792602539
201 0.03130483627319336
202 0.08746075630187988
203 0.08229255676269531
204 0.08129334449768066
205 0.0814516544342041
206 0.029498815536499023
207 0.08059835433959961
208 0.08303427696228027
209 0.014937877655029297
210 0.08184647560119629
211 0.0807039737701416
212 0.010624408721923828
213 0.009097576141357422
214 0.08301234245300293
215 0.0823526382446289
216 0.008884191513061523
217 0.03044581413269043
218 0.01058197021484375
219 0.08192873001098633
220 0.014838457107543945
221 0.08273577690124512
222 0.08061075210571289
223 0.08176255226135254
224 0.029426097869873047
225 0.0813140869140625
226 0.02996206283569336
227 0.02912592887878418
228 0.029875516891479492
229 0.08172130584716797
230 0.08191370964050293
231 0.08054304122924805
232 0.0303037166595459
233 0.009319305419921875
234 0.0835886001586914
235 0.07961916923522949
236 0.014722824096679688
237 0.08075547218322754
238 0.08106350898742676
239 0.09253621101379395
240 0.08115506172180176
241 0.08246970176696777
242 0.08192920684814453
243 0.0824122428894043
244 0.08337903022766113
245 0.08235383033752441
246 0.014991998672485352
247 0.029744386672973633
248 0.01500701904296875
249 0.0073397159576416016
250 0.08333826065063477
251 0.0817863941192627
252 0.08043813705444336
253 0.08073544502258301
254 0.08072900772094727
255 0.010461807250976562
256 0.029484272003173828
257 0.029484033584594727
258 0.0825798511505127
259 0.08113479614257812
260 0.08036947250366211
261 0.08286285400390625
262 0.08214259147644043
263 0.08018755912780762
264 0.008441686630249023
265 0.0842580795288086
266 0.01509547233581543
267 0.029705286026000977
268 0.08203530311584473
269 0.02914595603942871
270 0.029279232025146484
271 0.015147686004638672
272 0.02912282943725586
273 0.08000373840332031
274 0.010632753372192383
275 0.08295774459838867
276 0.08238744735717773
277 0.02973341941833496
278 0.07934379577636719
279 0.08142614364624023
280 0.0820152759552002
281 0.02962207794189453
282 0.009906291961669922
283 0.032396793365478516
284 0.030213117599487305
285 0.08180451393127441
286 0.08211016654968262
287 0.02945423126220703
288 0.07910561561584473
289 0.08245372772216797
290 0.08032774925231934
291 0.08030128479003906
292 0.08124351501464844
293 0.029874563217163086
294 0.08060383796691895
295 0.015587568283081055
296 0.013137102127075195
297 0.08373212814331055
298 0.011906862258911133
299 0.0216519832611084
300 0.01706075668334961
301 0.031189680099487305
302 0.008928775787353516
303 0.09136795997619629
304 0.010865211486816406
305 0.028608083724975586
306 0.09518694877624512
307 0.009537696838378906
308 0.033104896545410156
309 0.015343904495239258
310 0.08799242973327637
311 0.014883756637573242
312 0.08118557929992676
313 0.08487510681152344
314 0.08638787269592285
315 0.014841794967651367
316 0.08126139640808105
317 0.0205996036529541
318 0.07911992073059082
319 0.03664088249206543
320 0.08396458625793457
321 0.03885006904602051
322 0.029728174209594727
323 0.08912968635559082
324 0.009015083312988281
325 0.030808687210083008
326 0.08944511413574219
327 0.08013796806335449
328 0.08713626861572266
329 0.07998871803283691
330 0.08747482299804688
331 0.08093953132629395
332 0.08772873878479004
333 0.029767751693725586
334 0.009197473526000977
335 0.09399914741516113
336 0.014870166778564453
337 0.009495973587036133
338 0.09816145896911621
339 0.011279106140136719
340 0.088653564453125
341 0.08235549926757812
342 0.08498048782348633
343 0.029989957809448242
344 0.010655641555786133
345 0.009315729141235352
346 0.08426976203918457
347 0.08561325073242188
348 0.08203554153442383
349 0.08423948287963867
350 0.08343148231506348
351 0.010424375534057617
352 0.08337855339050293
353 0.08147907257080078
354 0.08361172676086426
355 0.010879278182983398
356 0.0841679573059082
357 0.08226823806762695
358 0.02992844581604004
359 0.08165121078491211
360 0.01519322395324707
361 0.030097007751464844
362 0.010889291763305664
363 0.013746023178100586
364 0.015001296997070312
365 0.08601236343383789
366 0.014989614486694336
367 0.012732267379760742
368 0.08218026161193848
369 0.08071613311767578
370 0.08344602584838867
371 0.010308504104614258
372 0.030097246170043945
373 0.029592037200927734
374 0.027660131454467773
375 0.08170437812805176
376 0.08501243591308594
377 0.08321881294250488
378 0.08213567733764648
379 0.030032634735107422
380 0.01764059066772461
381 0.029813289642333984
382 0.029895544052124023
383 0.08174371719360352
384 0.08228921890258789
385 0.030451059341430664
386 0.030435800552368164
387 0.013361215591430664
388 0.08629584312438965
389 0.08222246170043945
390 0.01041722297668457
391 0.08335089683532715
392 0.08134269714355469
393 0.08167481422424316
394 0.009905815124511719
395 0.03581714630126953
396 0.029977798461914062
397 0.010627508163452148
398 0.008970975875854492
399 0.030104637145996094
400 0.08644676208496094
401 0.030277490615844727
402 0.0853431224822998
403 0.031769752502441406
404 0.0807950496673584
405 0.031996965408325195
406 0.008533477783203125
407 0.015580177307128906
408 0.08884167671203613
409 0.0817098617553711
410 0.0320284366607666
411 0.08128786087036133
412 0.015421390533447266
413 0.014137983322143555
414 0.08280563354492188
415 0.015412569046020508
416 0.08200526237487793
417 0.08415436744689941
418 0.029744386672973633
419 0.015094280242919922
420 0.08333730697631836
421 0.008316755294799805
422 0.08550095558166504
423 0.011119842529296875
424 0.03034353256225586
425 0.029437541961669922
426 0.029201507568359375
427 0.01526021957397461
428 0.08148455619812012
429 0.01068735122680664
430 0.0841684341430664
431 0.08400464057922363
432 0.010705232620239258
433 0.0299985408782959
434 0.03400564193725586
435 0.10303974151611328
436 0.09049582481384277
437 0.007655620574951172
438 0.01406097412109375
439 0.031200885772705078
440 0.033005475997924805
441 0.09957337379455566
442 0.08785295486450195
443 0.08647680282592773
444 0.030957460403442383
445 0.08588910102844238
446 0.0850522518157959
447 0.009252548217773438
448 0.08672618865966797
449 0.08334159851074219
450 0.08184814453125
451 0.08240962028503418
452 0.08394503593444824
453 0.08163833618164062
454 0.03156423568725586
455 0.08400321006774902
456 0.030888080596923828
457 0.029909610748291016
458 0.015279769897460938
459 0.01721048355102539
460 0.0909888744354248
461 0.0308072566986084
462 0.08617782592773438
463 0.03047013282775879
464 0.029708385467529297
465 0.08621454238891602
466 0.08632135391235352
467 0.08858346939086914
468 0.031456947326660156
469 0.09044003486633301
470 0.007671356201171875
471 0.014861106872558594
472 0.01567244529724121
473 0.09099411964416504
474 0.007938146591186523
475 0.03209185600280762
476 0.08570170402526855
477 0.014796257019042969
478 0.08462166786193848
479 0.08385729789733887
480 0.08199810981750488
481 0.08252739906311035
482 0.0833580493927002
483 0.08134150505065918
484 0.08232235908508301
485 0.03021407127380371
486 0.015269041061401367
487 0.032468318939208984
488 0.00870823860168457
489 0.08295345306396484
490 0.08539986610412598
491 0.032356977462768555
492 0.029790878295898438
493 0.008265972137451172
494 0.03054642677307129
495 0.08462715148925781
496 0.08604311943054199
497 0.08626508712768555
498 0.08163666725158691
499 0.08910298347473145
500 0.029880046844482422
501 0.029860496520996094
502 0.030302762985229492
503 0.02998495101928711
504 0.029510974884033203
505 0.029773235321044922
506 0.08809375762939453
507 0.009410858154296875
508 0.029853343963623047
509 0.08961033821105957
510 0.08617925643920898
511 0.03036975860595703
512 0.08637404441833496
513 0.009299278259277344
514 0.08461451530456543
515 0.01580667495727539
516 0.010244607925415039
517 0.08571076393127441
518 0.029682397842407227
519 0.10493993759155273
520 0.10076284408569336
521 0.03068089485168457
522 0.029137372970581055
523 0.08437395095825195
524 0.029448986053466797
525 0.028970956802368164
526 0.029363632202148438
527 0.08501124382019043
528 0.08355164527893066
529 0.08107256889343262
530 0.03408980369567871
531 0.08368611335754395
532 0.009396076202392578
533 0.034767866134643555
534 0.00745081901550293
535 0.08545994758605957
536 0.08379483222961426
537 0.03127169609069824
538 0.083251953125
539 0.08878684043884277
540 0.030227184295654297
541 0.08909082412719727
542 0.009190082550048828
543 0.01582479476928711
544 0.08773303031921387
545 0.0859827995300293
546 0.08591079711914062
547 0.009389162063598633
548 0.009288311004638672
549 0.08819246292114258
550 0.03034687042236328
551 0.10033726692199707
552 0.029954910278320312
553 0.08688759803771973
554 0.08484864234924316
555 0.009783267974853516
556 0.08449149131774902
557 0.029408931732177734
558 0.010762214660644531
559 0.029827594757080078
560 0.0834963321685791
561 0.08472919464111328
562 0.01615118980407715
563 0.08229851722717285
564 0.01540231704711914
565 0.08559203147888184
566 0.08520913124084473
567 0.08141827583312988
568 0.029643774032592773
569 0.029486656188964844
570 0.034148454666137695
571 0.08803486824035645
572 0.08333158493041992
573 0.08150076866149902
574 0.08422088623046875
575 0.02907252311706543
576 0.015338659286499023
577 0.08206415176391602
578 0.00806427001953125
579 0.014204263687133789
580 0.02902674674987793
581 0.028688430786132812
582 0.08069658279418945
583 0.00868988037109375
584 0.009690999984741211
585 0.08283686637878418
586 0.033960580825805664
587 0.08099198341369629
588 0.029740095138549805
589 0.029180526733398438
590 0.014654159545898438
591 0.007222414016723633
592 0.08308219909667969
593 0.08121228218078613
594 0.014888525009155273
595 0.0815122127532959
596 0.08121657371520996
597 0.016065359115600586
598 0.0072133541107177734
599 0.014019012451171875
600 0.08688473701477051
601 0.029954910278320312
602 0.08146810531616211
603 0.010354995727539062
604 0.08266806602478027
605 0.029388427734375
606 0.02907538414001465
607 0.0809478759765625
608 0.08128643035888672
609 0.08456134796142578
610 0.08428263664245605
611 0.00897836685180664
612 0.08974838256835938
613 0.03059983253479004
614 0.028649568557739258
615 0.08692479133605957
616 0.08043670654296875
617 0.014692068099975586
618 0.0840611457824707
619 0.07959842681884766
620 0.03611111640930176
621 0.08090591430664062
622 0.009155511856079102
623 0.08575820922851562
624 0.015019893646240234
625 0.01297307014465332
626 0.014464855194091797
627 0.028888463973999023
628 0.03453254699707031
629 0.017090559005737305
630 0.09286141395568848
631 0.0823817253112793
632 0.08192634582519531
633 0.029400110244750977
634 0.029404640197753906
635 0.010415077209472656
636 0.02908945083618164
637 0.029674530029296875
638 0.010444879531860352
639 0.029661893844604492
640 0.029639244079589844
641 0.02937150001525879
642 0.014751434326171875
643 0.029730796813964844
644 0.0286104679107666
645 0.08088922500610352
646 0.029633283615112305
647 0.014657735824584961
648 0.013658285140991211
649 0.08476996421813965
650 0.07894372940063477
651 0.08487272262573242
652 0.08110666275024414
653 0.0821084976196289
654 0.010831832885742188
655 0.08142948150634766
656 0.08068108558654785
657 0.02971053123474121
658 0.08127284049987793
659 0.029938459396362305
660 0.028792142868041992
661 0.009235620498657227
662 0.08175778388977051
663 0.028966426849365234
664 0.0814976692199707
665 0.01577591896057129
666 0.0294187068939209
667 0.010708093643188477
668 0.08461761474609375
669 0.07993221282958984
670 0.0819387435913086
671 0.08065557479858398
672 0.08222007751464844
673 0.02936840057373047
674 0.009160280227661133
675 0.08191347122192383
676 0.015253543853759766
677 0.08186793327331543
678 0.07986092567443848
679 0.029340744018554688
680 0.029439687728881836
681 0.08510899543762207
682 0.08669018745422363
683 0.008643865585327148
684 0.08535289764404297
685 0.010956287384033203
686 0.08359575271606445
687 0.0785374641418457
688 0.08302545547485352
689 0.08090424537658691
690 0.08371567726135254
691 0.08381295204162598
692 0.008587837219238281
693 0.08237934112548828
694 0.08003592491149902
695 0.08034896850585938
696 0.08075523376464844
697 0.08076643943786621
698 0.028807401657104492
699 0.08182644844055176
700 0.015053272247314453
701 0.028685569763183594
702 0.010488271713256836
703 0.08244752883911133
704 0.07923483848571777
705 0.015451669692993164
706 0.029713153839111328
707 0.028742074966430664
708 0.01481938362121582
709 0.01305246353149414
710 0.014570951461791992
711 0.008375167846679688
712 0.08341360092163086
713 0.028993606567382812
714 0.08170962333679199
715 0.07898187637329102
716 0.015136957168579102
717 0.007768154144287109
718 0.03189659118652344
719 0.07980918884277344
720 0.014964103698730469
721 0.007753133773803711
722 0.08377480506896973
723 0.030089616775512695
724 0.0814371109008789
725 0.029993772506713867
726 0.028465986251831055
727 0.08126115798950195
728 0.08017659187316895
729 0.014665365219116211
730 0.00809788703918457
731 0.08191609382629395
732 0.030319690704345703
733 0.07967257499694824
734 0.08270096778869629
735 0.02908921241760254
736 0.008710622787475586
737 0.0300447940826416
738 0.07957291603088379
739 0.02928781509399414
740 0.08188176155090332
741 0.015000104904174805
742 0.0802927017211914
743 0.029439926147460938
744 0.079803466796875
745 0.029603004455566406
746 0.07891082763671875
747 0.0814671516418457
748 0.08037614822387695
749 0.08220791816711426
750 0.029718637466430664
751 0.07985448837280273
752 0.07932543754577637
753 0.030079126358032227
754 0.08081269264221191
755 0.08028459548950195
756 0.028552532196044922
757 0.08054089546203613
758 0.010239124298095703
759 0.007879495620727539
760 0.08062577247619629
761 0.029429197311401367
762 0.02845311164855957
763 0.029141664505004883
764 0.014672517776489258
765 0.08003687858581543
766 0.009313821792602539
767 0.08118796348571777
768 0.00855708122253418
769 0.08295202255249023
770 0.08073616027832031
771 0.07968330383300781
772 0.010747194290161133
773 0.029675722122192383
774 0.008400678634643555
775 0.00965428352355957
776 0.015202760696411133
777 0.0849602222442627
778 0.07828354835510254
779 0.015769243240356445
780 0.02949976921081543
781 0.08206033706665039
782 0.02913975715637207
783 0.029118776321411133
784 0.08072352409362793
785 0.00833272933959961
786 0.08148503303527832
787 0.08020734786987305
788 0.08251643180847168
789 0.0796663761138916
790 0.014773845672607422
791 0.08461689949035645
792 0.07936835289001465
793 0.0817403793334961
794 0.07981038093566895
795 0.028839826583862305
796 0.028854846954345703
797 0.015455007553100586
798 0.0077419281005859375
799 0.08580803871154785
800 0.08099842071533203
801 0.02924370765686035
802 0.029666423797607422
803 0.08096480369567871
804 0.029363632202148438
805 0.008238792419433594
806 0.08185172080993652
807 0.07930302619934082
808 0.0813288688659668
809 0.014600038528442383
810 0.012664794921875
811 0.0849771499633789
812 0.014730453491210938
813 0.08233022689819336
814 0.08110761642456055
815 0.0804746150970459
816 0.07966041564941406
817 0.08070540428161621
818 0.015296220779418945
819 0.0799553394317627
820 0.07948565483093262
821 0.029284238815307617
822 0.07968282699584961
823 0.07932472229003906
824 0.08021426200866699
825 0.08034038543701172
826 0.00870966911315918
827 0.0834801197052002
828 0.009003162384033203
829 0.029632091522216797
830 0.029675960540771484
831 0.08109307289123535
832 0.08089447021484375
833 0.029381513595581055
834 0.010546684265136719
835 0.08081197738647461
836 0.008901357650756836
837 0.08061933517456055
838 0.029570817947387695
839 0.07830357551574707
840 0.08050704002380371
841 0.08135628700256348
842 0.028940200805664062
843 0.028664112091064453
844 0.02889418601989746
845 0.08144640922546387
846 0.02905869483947754
847 0.009036064147949219
848 0.0835108757019043
849 0.07855224609375
850 0.029531478881835938
851 0.07866644859313965
852 0.01060628890991211
853 0.014836311340332031
854 0.009258270263671875
855 0.08076238632202148
856 0.0168607234954834
857 0.07945680618286133
858 0.029886722564697266
859 0.014919042587280273
860 0.014459609985351562
861 0.014515161514282227
862 0.029821395874023438
863 0.0834512710571289
864 0.07982563972473145
865 0.08080077171325684
866 0.010563135147094727
867 0.0809013843536377
868 0.08067131042480469
869 0.08075189590454102
870 0.029995441436767578
871 0.07943248748779297
872 0.015183210372924805
873 0.07973814010620117
874 0.014769315719604492
875 0.008700847625732422
876 0.0803670883178711
877 0.029027700424194336
878 0.028559446334838867
879 0.08108663558959961
880 0.0806114673614502
881 0.09202051162719727
882 0.07938432693481445
883 0.00828409194946289
884 0.08254504203796387
885 0.07979965209960938
886 0.015874862670898438
887 0.08093070983886719
888 0.008347034454345703
889 0.008752584457397461
890 0.07974123954772949
891 0.010797262191772461
892 0.08178353309631348
893 0.07985138893127441
894 0.07987809181213379
895 0.08310890197753906
896 0.0792236328125
897 0.029541015625
898 0.014934778213500977
899 0.012933731079101562
900 0.08320283889770508
901 0.0782003402709961
902 0.08028674125671387
903 0.07957315444946289
904 0.08001255989074707
905 0.015160083770751953
906 0.029218435287475586
907 0.008665323257446289
908 0.08303141593933105
909 0.08101797103881836
910 0.02928018569946289
911 0.07847142219543457
912 0.014574527740478516
913 0.08015990257263184
914 0.01489877700805664
915 0.08019518852233887
916 0.079498291015625
917 0.032434940338134766
918 0.08072066307067871
919 0.07998299598693848
920 0.013031244277954102
921 0.07948565483093262
922 0.02985858917236328
923 0.08134603500366211
924 0.028837203979492188
925 0.015068531036376953
926 0.0815744400024414
927 0.008761405944824219
928 0.08385825157165527
929 0.030181169509887695
930 0.02853870391845703
931 0.08126258850097656
932 0.07804274559020996
933 0.07988667488098145
934 0.01484370231628418
935 0.014192581176757812
936 0.07973861694335938
937 0.008515357971191406
938 0.030242919921875
939 0.009652137756347656
940 0.08304905891418457
941 0.008749246597290039
942 0.013610124588012695
943 0.08124852180480957
944 0.01456451416015625
945 0.02918219566345215
946 0.008401632308959961
947 0.08266139030456543
948 0.010518789291381836
949 0.08382940292358398
950 0.010999441146850586
951 0.08106660842895508
952 0.08133935928344727
953 0.009037017822265625
954 0.08187055587768555
955 0.07880425453186035
956 0.07906317710876465
957 0.07959508895874023
958 0.02896904945373535
959 0.07981085777282715
960 0.0778043270111084
961 0.08156323432922363
962 0.07967686653137207
963 0.08035111427307129
964 0.029486417770385742
965 0.02904200553894043
966 0.08258581161499023
967 0.030500173568725586
968 0.08528757095336914
969 0.08268094062805176
970 0.08153867721557617
971 0.028759241104125977
972 0.0791475772857666
973 0.01524043083190918
974 0.014533042907714844
975 0.029889583587646484
976 0.08243155479431152
977 0.014559268951416016
978 0.008869409561157227
979 0.08170342445373535
980 0.07898259162902832
981 0.08088016510009766
982 0.08111953735351562
983 0.014559030532836914
984 0.08094286918640137
985 0.08269429206848145
986 0.08072257041931152
987 0.07860398292541504
988 0.029942750930786133
989 0.0800018310546875
990 0.029170751571655273
991 0.07984495162963867
992 0.08075261116027832
993 0.008560895919799805
994 0.008794069290161133
995 0.028663158416748047
996 0.08064031600952148
997 0.029480934143066406
998 0.08030462265014648
999 0.029236793518066406
1000 0.02931380271911621
