vertice time
1 0.000736236572265625
2 0.0008075237274169922
3 0.0006575584411621094
4 0.0007529258728027344
5 0.0006835460662841797
6 0.0006918907165527344
7 0.0007066726684570312
8 0.0008060932159423828
9 0.0007722377777099609
10 0.0007529258728027344
11 0.0007793903350830078
12 0.0008299350738525391
13 0.0007512569427490234
14 0.000751495361328125
15 0.0008065700531005859
16 0.0008342266082763672
17 0.0007393360137939453
18 0.0007712841033935547
19 0.0007371902465820312
20 0.0007543563842773438
21 0.000812530517578125
22 0.0007624626159667969
23 0.0009264945983886719
24 0.0007965564727783203
25 0.0006411075592041016
26 0.0005886554718017578
27 0.0005869865417480469
28 0.0006763935089111328
29 0.000682830810546875
30 0.0006616115570068359
31 0.0006508827209472656
32 0.0006439685821533203
33 0.0006463527679443359
34 0.0006368160247802734
35 0.0006492137908935547
36 0.0006356239318847656
37 0.00063323974609375
38 0.0006320476531982422
39 0.0006322860717773438
40 0.0006346702575683594
41 0.0006310939788818359
42 0.0007410049438476562
43 0.0006427764892578125
44 0.0006344318389892578
45 0.00063323974609375
46 0.0006325244903564453
47 0.0006330013275146484
48 0.0006120204925537109
49 0.0006382465362548828
50 0.0006120204925537109
51 0.0006232261657714844
52 0.0005867481231689453
53 0.0007152557373046875
54 0.0007138252258300781
55 0.0007326602935791016
56 0.0008568763732910156
57 0.0007398128509521484
58 0.0006821155548095703
59 0.0007562637329101562
60 0.0007922649383544922
61 0.0008347034454345703
62 0.0007548332214355469
63 0.0008516311645507812
64 0.0008561611175537109
65 0.0007412433624267578
66 0.0007429122924804688
67 0.0008268356323242188
68 0.0006620883941650391
69 0.0007283687591552734
70 0.0006086826324462891
71 0.0005958080291748047
72 0.0005946159362792969
73 0.0006399154663085938
74 0.0006396770477294922
75 0.0006122589111328125
76 0.0006117820739746094
77 0.0007302761077880859
78 0.0007874965667724609
79 0.0007581710815429688
80 0.0008678436279296875
81 0.0007779598236083984
82 0.0007407665252685547
83 0.0007081031799316406
84 0.0007836818695068359
85 0.0007202625274658203
86 0.000782012939453125
87 0.0007884502410888672
88 0.0007266998291015625
89 0.0007874965667724609
90 0.0008397102355957031
91 0.0008487701416015625
92 0.0010347366333007812
93 0.0010142326354980469
94 0.0010612010955810547
95 0.0006196498870849609
96 0.0005993843078613281
97 0.0005955696105957031
98 0.0005850791931152344
99 0.0005924701690673828
100 0.0005931854248046875
1 0.000606536865234375
2 0.0006353855133056641
3 0.0008571147918701172
4 0.0009138584136962891
5 0.0008590221405029297
6 0.0008723735809326172
7 0.0008521080017089844
8 0.0008599758148193359
9 0.0008521080017089844
10 0.0008568763732910156
11 0.0008642673492431641
12 0.0008533000946044922
13 0.0008215904235839844
14 0.0005846023559570312
15 0.0006787776947021484
16 0.0007262229919433594
17 0.0006296634674072266
18 0.0007300376892089844
19 0.0006833076477050781
20 0.0007450580596923828
21 0.0007219314575195312
22 0.0007436275482177734
23 0.0007071495056152344
24 0.0007121562957763672
25 0.0007243156433105469
26 0.000732421875
27 0.0007519721984863281
28 0.0007872581481933594
29 0.0007534027099609375
30 0.0007603168487548828
31 0.0007274150848388672
32 0.0007147789001464844
33 0.0006480216979980469
34 0.0005834102630615234
35 0.0005881786346435547
36 0.0005807876586914062
37 0.0006186962127685547
38 0.0006132125854492188
39 0.0006289482116699219
40 0.0006256103515625
41 0.0007369518280029297
42 0.0007283687591552734
43 0.0007886886596679688
44 0.0007946491241455078
45 0.0008330345153808594
46 0.0008380413055419922
47 0.0008423328399658203
48 0.0007569789886474609
49 0.0007932186126708984
50 0.0008296966552734375
51 0.0007817745208740234
52 0.0008883476257324219
53 0.0007951259613037109
54 0.0007898807525634766
55 0.0008342266082763672
56 0.0008187294006347656
57 0.0007417201995849609
58 0.0006392002105712891
59 0.000621795654296875
60 0.0006093978881835938
61 0.0006322860717773438
62 0.0007460117340087891
63 0.0007319450378417969
64 0.0008001327514648438
65 0.0007305145263671875
66 0.0006306171417236328
67 0.0006160736083984375
68 0.0006108283996582031
69 0.0006206035614013672
70 0.0006940364837646484
71 0.0006918907165527344
72 0.0006237030029296875
73 0.0006251335144042969
74 0.0006227493286132812
75 0.000743865966796875
76 0.0006854534149169922
77 0.0007181167602539062
78 0.0006060600280761719
79 0.0005972385406494141
80 0.0006678104400634766
81 0.0006222724914550781
82 0.0006821155548095703
83 0.0006709098815917969
84 0.0005886554718017578
85 0.0006232261657714844
86 0.0006277561187744141
87 0.0006246566772460938
88 0.0006783008575439453
89 0.0007977485656738281
90 0.0008337497711181641
91 0.0008959770202636719
92 0.0008487701416015625
93 0.0007538795471191406
94 0.0008087158203125
95 0.0007469654083251953
96 0.0007283687591552734
97 0.0008029937744140625
98 0.0007979869842529297
99 0.0008094310760498047
100 0.0007355213165283203
1 0.0007672309875488281
2 0.0007605552673339844
3 0.0008778572082519531
4 0.0009508132934570312
5 0.0008559226989746094
6 0.0005867481231689453
7 0.0005867481231689453
8 0.0005869865417480469
9 0.0006053447723388672
10 0.0005877017974853516
11 0.0006530284881591797
12 0.0006425380706787109
13 0.000640869140625
14 0.0006375312805175781
15 0.0007336139678955078
16 0.0006420612335205078
17 0.0006380081176757812
18 0.0006349086761474609
19 0.0006349086761474609
20 0.0006320476531982422
21 0.0006422996520996094
22 0.0006384849548339844
23 0.0006341934204101562
24 0.0006322860717773438
25 0.0006320476531982422
26 0.0006322860717773438
27 0.0006375312805175781
28 0.0006310939788818359
29 0.0006537437438964844
30 0.0006511211395263672
31 0.0005974769592285156
32 0.0005953311920166016
33 0.0007281303405761719
34 0.0005941390991210938
35 0.0006873607635498047
36 0.0007777214050292969
37 0.0009064674377441406
38 0.0007920265197753906
39 0.0008196830749511719
40 0.0007789134979248047
41 0.0007984638214111328
42 0.0007774829864501953
43 0.0007717609405517578
44 0.0007894039154052734
45 0.0007517337799072266
46 0.0007166862487792969
47 0.0007653236389160156
48 0.0007588863372802734
49 0.0008103847503662109
50 0.0007166862487792969
51 0.0006046295166015625
52 0.0005943775177001953
53 0.0006113052368164062
54 0.0006134510040283203
55 0.00067138671875
56 0.00060272216796875
57 0.0006103515625
58 0.00087738037109375
59 0.0008614063262939453
60 0.0008609294891357422
61 0.0008559226989746094
62 0.0008552074432373047
63 0.0008528232574462891
64 0.0008523464202880859
65 0.0008649826049804688
66 0.0007648468017578125
67 0.0005886554718017578
68 0.0005922317504882812
69 0.0005857944488525391
70 0.0005848407745361328
71 0.0005896091461181641
72 0.0005822181701660156
73 0.0005841255187988281
74 0.0005908012390136719
75 0.00058746337890625
76 0.0005853176116943359
77 0.0005886554718017578
78 0.0005843639373779297
79 0.0005812644958496094
80 0.0005810260772705078
81 0.0007932186126708984
82 0.0007796287536621094
83 0.0007796287536621094
84 0.0007064342498779297
85 0.0007777214050292969
86 0.0007727146148681641
87 0.0007610321044921875
88 0.0007762908935546875
89 0.0007224082946777344
90 0.0007767677307128906
91 0.0007784366607666016
92 0.0008077621459960938
93 0.0008082389831542969
94 0.0007810592651367188
95 0.0007562637329101562
96 0.0007526874542236328
97 0.0008966922760009766
98 0.0006353855133056641
99 0.0006489753723144531
100 0.0006158351898193359
1 0.0006208419799804688
2 0.0010187625885009766
3 0.0007641315460205078
4 0.0006885528564453125
5 0.0006225109100341797
6 0.0005888938903808594
7 0.0005881786346435547
8 0.0005879402160644531
9 0.0005970001220703125
10 0.0006022453308105469
11 0.0005877017974853516
12 0.0005853176116943359
13 0.0005846023559570312
14 0.0005931854248046875
15 0.0005872249603271484
16 0.0005886554718017578
17 0.0005970001220703125
18 0.0006699562072753906
19 0.0007033348083496094
20 0.0005919933319091797
21 0.0005970001220703125
22 0.0005898475646972656
23 0.0006034374237060547
24 0.0006132125854492188
25 0.0005857944488525391
26 0.0005865097045898438
27 0.0005860328674316406
28 0.0007755756378173828
29 0.0008606910705566406
30 0.0008318424224853516
31 0.0007996559143066406
32 0.0009241104125976562
33 0.0007126331329345703
34 0.0007798671722412109
35 0.0007569789886474609
36 0.0007863044738769531
37 0.0008509159088134766
38 0.0008380413055419922
39 0.0008440017700195312
40 0.0007207393646240234
41 0.0007431507110595703
42 0.0008275508880615234
43 0.0007891654968261719
44 0.0007312297821044922
45 0.0005965232849121094
46 0.0006244182586669922
47 0.0005886554718017578
48 0.0009446144104003906
49 0.0008587837219238281
50 0.0006144046783447266
51 0.0005943775177001953
52 0.0005910396575927734
53 0.0005965232849121094
54 0.0005872249603271484
55 0.0006024837493896484
56 0.0005953311920166016
57 0.0006747245788574219
58 0.0006184577941894531
59 0.0005898475646972656
60 0.0005884170532226562
61 0.0005877017974853516
62 0.0006074905395507812
63 0.0005867481231689453
64 0.0005919933319091797
65 0.0005881786346435547
66 0.0006320476531982422
67 0.0005905628204345703
68 0.0005953311920166016
69 0.0005800724029541016
70 0.0005893707275390625
71 0.0005853176116943359
72 0.0006513595581054688
73 0.0006730556488037109
74 0.0007050037384033203
75 0.0006730556488037109
76 0.0008661746978759766
77 0.0007765293121337891
78 0.0008265972137451172
79 0.0008268356323242188
80 0.0007762908935546875
81 0.0007815361022949219
82 0.0008649826049804688
83 0.0007944107055664062
84 0.0009448528289794922
85 0.0007865428924560547
86 0.0008018016815185547
87 0.0006554126739501953
88 0.000598907470703125
89 0.0005886554718017578
90 0.0007100105285644531
91 0.0007824897766113281
92 0.0007607936859130859
93 0.0005934238433837891
94 0.0006346702575683594
95 0.0005917549133300781
96 0.0006155967712402344
97 0.0010683536529541016
98 0.0009033679962158203
99 0.0007085800170898438
100 0.0008416175842285156
1 0.0007910728454589844
2 0.0008630752563476562
3 0.0008611679077148438
4 0.0008232593536376953
5 0.0007810592651367188
6 0.0008747577667236328
7 0.0008790493011474609
8 0.0008032321929931641
9 0.0007152557373046875
10 0.0007638931274414062
11 0.0007567405700683594
12 0.0007467269897460938
13 0.0008738040924072266
14 0.00083160400390625
15 0.0006010532379150391
16 0.0005958080291748047
17 0.0005972385406494141
18 0.0006833076477050781
19 0.0011548995971679688
20 0.0006616115570068359
21 0.0006747245788574219
22 0.0007421970367431641
23 0.0007822513580322266
24 0.0007925033569335938
25 0.0008399486541748047
26 0.0008971691131591797
27 0.0007984638214111328
28 0.0008087158203125
29 0.0008335113525390625
30 0.0008327960968017578
31 0.0007314682006835938
32 0.0008099079132080078
33 0.0007712841033935547
34 0.0008113384246826172
35 0.0007429122924804688
36 0.0007658004760742188
37 0.0005970001220703125
38 0.0005981922149658203
39 0.0005955696105957031
40 0.0005960464477539062
41 0.0007910728454589844
42 0.0011081695556640625
43 0.0006415843963623047
44 0.0005886554718017578
45 0.0005896091461181641
46 0.0005950927734375
47 0.0005936622619628906
48 0.0005826950073242188
49 0.0005822181701660156
50 0.0005815029144287109
51 0.0005807876586914062
52 0.0005829334259033203
53 0.0006005764007568359
54 0.0005831718444824219
55 0.0005850791931152344
56 0.0005843639373779297
57 0.0007181167602539062
58 0.0006861686706542969
59 0.0006895065307617188
60 0.0006935596466064453
61 0.0006561279296875
62 0.0006155967712402344
63 0.0007481575012207031
64 0.000804901123046875
65 0.00079345703125
66 0.00091552734375
67 0.0008556842803955078
68 0.0008494853973388672
69 0.001001596450805664
70 0.0008363723754882812
71 0.0008168220520019531
72 0.0007696151733398438
73 0.0007622241973876953
74 0.000865936279296875
75 0.0008034706115722656
76 0.0007810592651367188
77 0.0008046627044677734
78 0.0007295608520507812
79 0.0007419586181640625
80 0.0007071495056152344
81 0.0006241798400878906
82 0.0005910396575927734
83 0.0005869865417480469
84 0.0009670257568359375
85 0.0008783340454101562
86 0.0005991458892822266
87 0.0006208419799804688
88 0.0008251667022705078
89 0.0007681846618652344
90 0.0007119178771972656
91 0.0006844997406005859
92 0.0009112358093261719
93 0.0007843971252441406
94 0.0007960796356201172
95 0.0007712841033935547
96 0.0007600784301757812
97 0.0007936954498291016
98 0.0007910728454589844
99 0.0007958412170410156
100 0.0007736682891845703
1 0.0007710456848144531
2 0.0007650852203369141
3 0.0008943080902099609
4 0.0009407997131347656
5 0.0009577274322509766
6 0.0006933212280273438
7 0.0006597042083740234
8 0.0010683536529541016
9 0.0008378028869628906
10 0.0006227493286132812
11 0.0008511543273925781
12 0.0008332729339599609
13 0.0008821487426757812
14 0.0007317066192626953
15 0.0008819103240966797
16 0.0008921623229980469
17 0.0006856918334960938
18 0.0008444786071777344
19 0.0008101463317871094
20 0.0008881092071533203
21 0.0007991790771484375
22 0.0008590221405029297
23 0.000606536865234375
24 0.0009558200836181641
25 0.0007755756378173828
26 0.0007309913635253906
27 0.0007867813110351562
28 0.0006124973297119141
29 0.0006110668182373047
30 0.0006020069122314453
31 0.0006296634674072266
32 0.0006330013275146484
33 0.0006480216979980469
34 0.0006749629974365234
35 0.0007135868072509766
36 0.0008020401000976562
37 0.0006775856018066406
38 0.0006618499755859375
39 0.0006589889526367188
40 0.0006666183471679688
41 0.0006630420684814453
42 0.0006649494171142578
43 0.0006625652313232422
44 0.00066375732421875
45 0.0006730556488037109
46 0.0006875991821289062
47 0.0006785392761230469
48 0.0008502006530761719
49 0.0007817745208740234
50 0.0007250308990478516
51 0.0007777214050292969
52 0.0007305145263671875
53 0.000782012939453125
54 0.0007672309875488281
55 0.0008490085601806641
56 0.0007791519165039062
57 0.0007395744323730469
58 0.0008082389831542969
59 0.0008149147033691406
60 0.0008554458618164062
61 0.0008275508880615234
62 0.0008080005645751953
63 0.0008020401000976562
64 0.0006978511810302734
65 0.000614166259765625
66 0.0006170272827148438
67 0.0005965232849121094
68 0.0005998611450195312
69 0.001020193099975586
70 0.0008070468902587891
71 0.0007123947143554688
72 0.00060272216796875
73 0.0005917549133300781
74 0.0005900859832763672
75 0.0005891323089599609
76 0.0005884170532226562
77 0.00058746337890625
78 0.0005958080291748047
79 0.0005891323089599609
80 0.0005886554718017578
81 0.0005877017974853516
82 0.0005946159362792969
83 0.0005884170532226562
84 0.0005819797515869141
85 0.0006916522979736328
86 0.0005943775177001953
87 0.0005910396575927734
88 0.0005962848663330078
89 0.0005922317504882812
90 0.0005958080291748047
91 0.0005970001220703125
92 0.0005888938903808594
93 0.0006237030029296875
94 0.0005927085876464844
95 0.0005905628204345703
96 0.0006818771362304688
97 0.000743865966796875
98 0.0007648468017578125
99 0.0007839202880859375
100 0.0008296966552734375
1 0.0007827281951904297
2 0.0008020401000976562
3 0.0007619857788085938
4 0.0007503032684326172
5 0.0007672309875488281
6 0.0007677078247070312
7 0.0008037090301513672
8 0.0008082389831542969
9 0.0007412433624267578
10 0.0009443759918212891
11 0.0007922649383544922
12 0.0009279251098632812
13 0.000957489013671875
14 0.0006945133209228516
15 0.0006132125854492188
16 0.0006017684936523438
17 0.0005979537963867188
18 0.0006506443023681641
19 0.000804901123046875
20 0.0008237361907958984
21 0.0009303092956542969
22 0.0009703636169433594
23 0.0008909702301025391
24 0.0008594989776611328
25 0.0007569789886474609
26 0.0008628368377685547
27 0.0009579658508300781
28 0.00081634521484375
29 0.0008332729339599609
30 0.0008895397186279297
31 0.0009350776672363281
32 0.000614166259765625
33 0.0006024837493896484
34 0.0006146430969238281
35 0.0006227493286132812
36 0.0006680488586425781
37 0.0006382465362548828
38 0.0009911060333251953
39 0.0010349750518798828
40 0.0010602474212646484
41 0.0010635852813720703
42 0.0011584758758544922
43 0.001049041748046875
44 0.0010406970977783203
45 0.0010561943054199219
46 0.0010519027709960938
47 0.0010311603546142578
48 0.0010273456573486328
49 0.0010540485382080078
50 0.0011339187622070312
51 0.0010464191436767578
52 0.0009808540344238281
53 0.0006785392761230469
54 0.0006635189056396484
55 0.0007145404815673828
56 0.0007894039154052734
57 0.00078582763671875
58 0.0008034706115722656
59 0.0008091926574707031
60 0.0008857250213623047
61 0.0008466243743896484
62 0.0007865428924560547
63 0.0007398128509521484
64 0.0007131099700927734
65 0.0007350444793701172
66 0.0007834434509277344
67 0.0007328987121582031
68 0.0007500648498535156
69 0.0007126331329345703
70 0.000682830810546875
71 0.0005824565887451172
72 0.0005829334259033203
73 0.0006585121154785156
74 0.0006504058837890625
75 0.0005936622619628906
76 0.0005843639373779297
77 0.0005848407745361328
78 0.0005831718444824219
79 0.0005893707275390625
80 0.0006020069122314453
81 0.0005817413330078125
82 0.0005793571472167969
83 0.0005829334259033203
84 0.0005824565887451172
85 0.0005786418914794922
86 0.0005877017974853516
87 0.0005955696105957031
88 0.0006816387176513672
89 0.0006411075592041016
90 0.0006206035614013672
91 0.00080108642578125
92 0.0010619163513183594
93 0.0009949207305908203
94 0.0007328987121582031
95 0.0005917549133300781
96 0.0005891323089599609
97 0.0005986690521240234
98 0.0006625652313232422
99 0.0006563663482666016
100 0.0006964206695556641
1 0.0009021759033203125
2 0.0007932186126708984
3 0.0008215904235839844
4 0.0007171630859375
5 0.0007555484771728516
6 0.0007319450378417969
7 0.0007164478302001953
8 0.0007100105285644531
9 0.0007295608520507812
10 0.0007839202880859375
11 0.000728607177734375
12 0.0007236003875732422
13 0.0007369518280029297
14 0.0007183551788330078
15 0.0007598400115966797
16 0.0006844997406005859
17 0.0005857944488525391
18 0.0005822181701660156
19 0.0005950927734375
20 0.0005867481231689453
21 0.0005872249603271484
22 0.0005862712860107422
23 0.0005860328674316406
24 0.0005974769592285156
25 0.0007994174957275391
26 0.0008854866027832031
27 0.0007431507110595703
28 0.0007746219635009766
29 0.0007612705230712891
30 0.0007309913635253906
31 0.0007426738739013672
32 0.0008237361907958984
33 0.0007598400115966797
34 0.0007927417755126953
35 0.0007481575012207031
36 0.0007610321044921875
37 0.0007293224334716797
38 0.0008339881896972656
39 0.0007081031799316406
40 0.0006451606750488281
41 0.0006101131439208984
42 0.0005946159362792969
43 0.0005943775177001953
44 0.0006206035614013672
45 0.0005929470062255859
46 0.000598907470703125
47 0.0005977153778076172
48 0.0005877017974853516
49 0.0005850791931152344
50 0.0005857944488525391
51 0.0005867481231689453
52 0.0006592273712158203
53 0.0006420612335205078
54 0.0005939006805419922
55 0.0005948543548583984
56 0.0005843639373779297
57 0.0005850791931152344
58 0.0005853176116943359
59 0.0005919933319091797
60 0.0005846023559570312
61 0.0005965232849121094
62 0.0005860328674316406
63 0.0005822181701660156
64 0.0005891323089599609
65 0.0005826950073242188
66 0.0005903244018554688
67 0.0006585121154785156
68 0.0006327629089355469
69 0.0006103515625
70 0.0006082057952880859
71 0.0006070137023925781
72 0.0006170272827148438
73 0.0006198883056640625
74 0.0007426738739013672
75 0.0007898807525634766
76 0.0007479190826416016
77 0.0006964206695556641
78 0.0007598400115966797
79 0.0007364749908447266
80 0.0008931159973144531
81 0.0007319450378417969
82 0.0006687641143798828
83 0.0007536411285400391
84 0.0007677078247070312
85 0.0007717609405517578
86 0.0007693767547607422
87 0.0007131099700927734
88 0.0006549358367919922
89 0.0007171630859375
90 0.0006592273712158203
91 0.0005965232849121094
92 0.0005936622619628906
93 0.0006866455078125
94 0.0006005764007568359
95 0.0006005764007568359
96 0.0005991458892822266
97 0.0005998611450195312
98 0.0006387233734130859
99 0.0007698535919189453
100 0.0007305145263671875
1 0.0007812976837158203
2 0.0007548332214355469
3 0.0007274150848388672
4 0.0008041858673095703
5 0.0007441043853759766
6 0.0009522438049316406
7 0.0008149147033691406
8 0.0007784366607666016
9 0.0007107257843017578
10 0.0007755756378173828
11 0.0008406639099121094
12 0.0008378028869628906
13 0.0009207725524902344
14 0.0009500980377197266
15 0.0008206367492675781
16 0.0006101131439208984
17 0.0008151531219482422
18 0.0007164478302001953
19 0.0007219314575195312
20 0.0005896091461181641
21 0.0009648799896240234
22 0.0005884170532226562
23 0.0005862712860107422
24 0.0008299350738525391
25 0.0007605552673339844
26 0.0006017684936523438
27 0.0006098747253417969
28 0.0006012916564941406
29 0.0006051063537597656
30 0.00060272216796875
31 0.0005962848663330078
32 0.0006008148193359375
33 0.0005979537963867188
34 0.0005977153778076172
35 0.0005924701690673828
36 0.0005929470062255859
37 0.0005984306335449219
38 0.0005931854248046875
39 0.0007066726684570312
40 0.0006060600280761719
41 0.0006420612335205078
42 0.0007624626159667969
43 0.0006260871887207031
44 0.0007560253143310547
45 0.0007641315460205078
46 0.0007567405700683594
47 0.0008080005645751953
48 0.0007953643798828125
49 0.0007731914520263672
50 0.0009107589721679688
51 0.0008032321929931641
52 0.0008351802825927734
53 0.000858306884765625
54 0.0007801055908203125
55 0.0007922649383544922
56 0.0007371902465820312
57 0.00079345703125
58 0.0007691383361816406
59 0.00058746337890625
60 0.0005879402160644531
61 0.0005891323089599609
62 0.00075531005859375
63 0.0006494522094726562
64 0.0006434917449951172
65 0.0006399154663085938
66 0.0006415843963623047
67 0.0006158351898193359
68 0.0006263256072998047
69 0.0007312297821044922
70 0.0006864070892333984
71 0.0006985664367675781
72 0.0006783008575439453
73 0.0006909370422363281
74 0.0006654262542724609
75 0.0008056163787841797
76 0.0006644725799560547
77 0.0006892681121826172
78 0.0006792545318603516
79 0.0007045269012451172
80 0.0006632804870605469
81 0.0006918907165527344
82 0.00067138671875
83 0.0006885528564453125
84 0.0006773471832275391
85 0.0006890296936035156
86 0.0006959438323974609
87 0.0009815692901611328
88 0.0010750293731689453
89 0.0007889270782470703
90 0.0007741451263427734
91 0.0007388591766357422
92 0.0007605552673339844
93 0.0007810592651367188
94 0.0007534027099609375
95 0.000766754150390625
96 0.0007960796356201172
97 0.0007314682006835938
98 0.0007023811340332031
99 0.0008521080017089844
100 0.0007340908050537109
1 0.0008313655853271484
2 0.0008001327514648438
3 0.0008120536804199219
4 0.0007205009460449219
5 0.0005977153778076172
6 0.0006406307220458984
7 0.0006465911865234375
8 0.0009636878967285156
9 0.0010967254638671875
10 0.0006730556488037109
11 0.0007987022399902344
12 0.0006399154663085938
13 0.0006549358367919922
14 0.0006425380706787109
15 0.0006480216979980469
16 0.0006296634674072266
17 0.0006465911865234375
18 0.0006306171417236328
19 0.0006518363952636719
20 0.0006461143493652344
21 0.000667572021484375
22 0.0006399154663085938
23 0.0006482601165771484
24 0.0007450580596923828
25 0.0006351470947265625
26 0.0006721019744873047
27 0.0006630420684814453
28 0.0006356239318847656
29 0.0006628036499023438
30 0.0006372928619384766
31 0.0006623268127441406
32 0.0009326934814453125
33 0.001008749008178711
34 0.0007178783416748047
35 0.0007455348968505859
36 0.0007152557373046875
37 0.0007965564727783203
38 0.0007073879241943359
39 0.0007600784301757812
40 0.0007762908935546875
41 0.0007593631744384766
42 0.0007927417755126953
43 0.0005903244018554688
44 0.0005872249603271484
45 0.0005857944488525391
46 0.0005841255187988281
47 0.0005824565887451172
48 0.0007200241088867188
49 0.0008816719055175781
50 0.0007815361022949219
51 0.0008025169372558594
52 0.0007450580596923828
53 0.0007898807525634766
54 0.0006444454193115234
55 0.0006997585296630859
56 0.0006091594696044922
57 0.0006213188171386719
58 0.0006346702575683594
59 0.0006189346313476562
60 0.0006422996520996094
61 0.0008399486541748047
62 0.0007050037384033203
63 0.0008618831634521484
64 0.0008940696716308594
65 0.0007555484771728516
66 0.0007665157318115234
67 0.000728607177734375
68 0.0009133815765380859
69 0.0007889270782470703
70 0.0007779598236083984
71 0.0007789134979248047
72 0.0008604526519775391
73 0.0008754730224609375
74 0.0008311271667480469
75 0.0008006095886230469
76 0.0007271766662597656
77 0.0006403923034667969
78 0.0006461143493652344
79 0.0006537437438964844
80 0.0007882118225097656
81 0.0006804466247558594
82 0.0006623268127441406
83 0.0006632804870605469
84 0.0006399154663085938
85 0.0006353855133056641
86 0.0005960464477539062
87 0.0005953311920166016
88 0.0005934238433837891
89 0.0005941390991210938
90 0.0005919933319091797
91 0.0006093978881835938
92 0.0005881786346435547
93 0.0005936622619628906
94 0.0007181167602539062
95 0.0005862712860107422
96 0.0005974769592285156
97 0.0005970001220703125
98 0.0005855560302734375
99 0.000591278076171875
100 0.0005915164947509766
