2 4006.0
3 1928.0
4 1941.0
5 4401.0
6 866.0
7 558.0
8 2123.0
9 1919.0
10 768.0
11 2128.0
12 2339.0
13 1285.0
14 152.0
15 3843.0
16 899.0
17 991.0
18 1128.0
19 2630.0
20 2938.0
21 88.0
22 2642.0
23 1801.0
24 1574.0
25 948.0
26 11.0
27 2554.0
28 2977.0
29 17.0
30 4855.0
31 3153.0
32 3774.0
33 1927.0
34 3226.0
35 4575.0
36 1983.0
37 2459.0
38 1289.0
39 1180.0
40 1061.0
41 4987.0
42 1297.0
43 563.0
44 2163.0
45 1872.0
46 3681.0
47 33.0
48 1891.0
49 3788.0
50 4062.0
51 1714.0
52 19.0
53 3460.0
54 20.0
55 4216.0
56 1957.0
57 3470.0
58 7.0
59 2057.0
60 23.0
61 1096.0
62 3129.0
63 2709.0
64 3549.0
65 35.0
66 3460.0
67 2572.0
68 46.0
69 2204.0
70 6.0
71 2271.0
72 1093.0
73 2.0
74 49.0
75 2432.0
76 1873.0
77 27.0
78 2311.0
79 3328.0
80 537.0
81 216.0
82 4157.0
83 3864.0
84 1701.0
85 4066.0
86 4673.0
87 1950.0
88 4710.0
89 63.0
90 46.0
91 59.0
92 2385.0
93 2743.0
94 2603.0
95 3949.0
96 936.0
97 2313.0
98 35.0
99 529.0
100 3649.0
101 4262.0
102 605.0
103 2681.0
104 2479.0
105 4816.0
106 4472.0
107 3797.0
108 272.0
109 3936.0
110 4407.0
111 3421.0
112 89.0
113 83.0
114 3957.0
115 2973.0
116 3991.0
117 1407.0
118 2063.0
119 2612.0
120 1640.0
121 318.0
122 1916.0
123 4298.0
124 3712.0
125 4770.0
126 87.0
127 25.0
128 4832.0
129 2347.0
130 2412.0
131 3025.0
132 3301.0
133 7.0
134 73.0
135 4577.0
136 60.0
137 508.0
138 2725.0
139 1627.0
140 3881.0
141 274.0
142 4016.0
143 142.0
144 2232.0
145 4130.0
146 4758.0
147 550.0
148 4174.0
149 85.0
150 3400.0
151 866.0
152 4.0
153 3020.0
154 1961.0
155 196.0
156 123.0
157 1781.0
158 3604.0
159 20.0
160 4616.0
161 41.0
162 3762.0
163 1590.0
164 16.0
165 90.0
166 2781.0
167 1612.0
168 87.0
169 1217.0
170 1888.0
171 98.0
172 258.0
173 172.0
174 1615.0
175 2090.0
176 4756.0
177 1810.0
178 2610.0
179 135.0
180 2.0
181 3319.0
182 3747.0
183 2454.0
184 43.0
185 565.0
186 2480.0
187 1608.0
188 2154.0
189 1780.0
190 1519.0
191 112.0
192 1951.0
193 4872.0
194 3085.0
195 3831.0
196 81.0
197 3603.0
198 147.0
199 35.0
200 141.0
201 128.0
202 3656.0
203 68.0
204 4670.0
205 3071.0
206 46.0
207 4121.0
208 161.0
209 175.0
210 2865.0
211 4604.0
212 4577.0
213 2444.0
214 1847.0
215 209.0
216 181.0
217 4443.0
218 159.0
219 3662.0
220 1784.0
221 1417.0
222 1288.0
223 1905.0
224 4430.0
225 3200.0
226 1997.0
227 93.0
228 2834.0
229 762.0
230 184.0
231 3274.0
232 3968.0
233 2532.0
234 3129.0
235 4068.0
236 4892.0
237 1706.0
238 198.0
239 132.0
240 1223.0
241 4458.0
242 63.0
243 4851.0
244 114.0
245 3938.0
246 34.0
247 1051.0
248 2058.0
249 4563.0
250 837.0
251 3816.0
252 799.0
253 150.0
254 164.0
255 1261.0
256 20.0
257 3008.0
258 36.0
259 208.0
260 62.0
261 176.0
262 3103.0
263 66.0
264 215.0
265 206.0
266 2245.0
267 151.0
268 1099.0
269 3688.0
270 89.0
271 38.0
272 77.0
273 35.0
274 2.0
275 4680.0
276 272.0
277 1781.0
278 116.0
279 4.0
280 3173.0
281 263.0
282 398.0
283 229.0
284 162.0
285 1276.0
286 4714.0
287 69.0
288 167.0
289 229.0
290 4184.0
291 175.0
292 4626.0
293 2040.0
294 3754.0
295 216.0
296 118.0
297 2523.0
298 4464.0
299 1853.0
300 4430.0
301 294.0
302 29.0
303 59.0
304 1449.0
305 154.0
306 1631.0
307 292.0
308 3038.0
309 56.0
310 219.0
311 148.0
312 933.0
313 2750.0
314 4356.0
315 3326.0
316 4147.0
317 2889.0
318 112.0
319 35.0
320 239.0
321 297.0
322 497.0
323 36.0
324 96.0
325 133.0
326 147.0
327 311.0
328 288.0
329 46.0
330 164.0
331 2222.0
332 89.0
333 274.0
334 69.0
335 3151.0
336 54.0
337 72.0
338 206.0
339 2709.0
340 106.0
341 314.0
342 222.0
343 2756.0
344 3769.0
345 233.0
346 165.0
347 336.0
348 54.0
349 212.0
350 93.0
351 815.0
352 67.0
353 295.0
354 561.0
355 2383.0
356 2056.0
357 291.0
358 3253.0
359 200.0
360 108.0
361 252.0
362 208.0
363 356.0
364 3548.0
365 287.0
366 344.0
367 336.0
368 353.0
369 4264.0
370 2480.0
371 276.0
372 212.0
373 159.0
374 175.0
375 176.0
376 4563.0
377 348.0
378 310.0
379 143.0
380 2481.0
381 206.0
382 243.0
383 3322.0
384 3093.0
385 114.0
386 338.0
387 171.0
388 377.0
389 676.0
390 168.0
391 1107.0
392 106.0
393 335.0
394 180.0
395 4657.0
396 271.0
397 180.0
398 20.0
399 327.0
400 4293.0
401 3545.0
402 294.0
403 189.0
404 320.0
405 376.0
406 126.0
407 126.0
408 200.0
409 353.0
410 64.0
411 4855.0
412 245.0
413 279.0
414 401.0
415 369.0
416 160.0
417 397.0
418 398.0
419 63.0
420 27.0
421 3653.0
422 347.0
423 270.0
424 209.0
425 62.0
426 401.0
427 4827.0
428 93.0
429 254.0
430 268.0
431 425.0
432 561.0
433 398.0
434 212.0
435 2622.0
436 367.0
437 432.0
438 413.0
439 156.0
440 1064.0
441 3348.0
442 420.0
443 268.0
444 2565.0
445 4791.0
446 3694.0
447 431.0
448 349.0
449 193.0
450 304.0
451 66.0
452 16.0
453 329.0
454 3680.0
455 30.0
456 324.0
457 259.0
458 406.0
459 272.0
460 4353.0
461 4808.0
462 324.0
463 152.0
464 10.0
465 405.0
466 254.0
467 4952.0
468 2833.0
469 371.0
470 2248.0
471 1754.0
472 235.0
473 154.0
474 30.0
475 347.0
476 309.0
477 453.0
478 426.0
479 4000.0
480 1.0
481 3251.0
482 75.0
483 4979.0
484 325.0
485 90.0
486 2974.0
487 295.0
488 118.0
489 1578.0
490 87.0
491 401.0
492 363.0
493 255.0
494 338.0
495 347.0
496 2909.0
497 366.0
498 453.0
499 1268.0
500 3179.0
501 4376.0
502 491.0
503 302.0
504 218.0
505 3327.0
506 472.0
507 164.0
508 434.0
509 394.0
510 2421.0
511 236.0
512 96.0
513 467.0
514 226.0
515 330.0
516 728.0
517 3680.0
518 999.0
519 66.0
520 454.0
521 449.0
522 83.0
523 487.0
524 3775.0
525 480.0
526 122.0
527 93.0
528 233.0
529 815.0
530 447.0
531 175.0
532 163.0
533 403.0
534 951.0
535 3912.0
536 301.0
537 4659.0
538 46.0
539 261.0
540 94.0
541 188.0
542 4011.0
543 443.0
544 503.0
545 2385.0
546 219.0
547 4035.0
548 362.0
549 504.0
550 418.0
551 4022.0
552 507.0
553 15.0
554 2064.0
555 401.0
556 494.0
557 264.0
558 438.0
559 4117.0
560 274.0
561 523.0
562 252.0
563 204.0
564 297.0
565 512.0
566 424.0
567 556.0
568 374.0
569 304.0
570 171.0
571 2933.0
572 387.0
573 3321.0
574 332.0
575 220.0
576 3788.0
577 165.0
578 558.0
579 178.0
580 391.0
581 574.0
582 569.0
583 330.0
584 165.0
585 390.0
586 363.0
587 558.0
588 2743.0
589 475.0
590 476.0
591 89.0
592 2494.0
593 1171.0
594 338.0
595 41.0
596 393.0
597 217.0
598 4457.0
599 547.0
600 3099.0
601 4684.0
602 366.0
603 87.0
604 3857.0
605 311.0
606 2311.0
607 335.0
608 307.0
609 369.0
610 306.0
611 347.0
612 2.0
613 558.0
614 523.0
615 3854.0
616 4595.0
617 4683.0
618 282.0
619 145.0
620 1768.0
621 527.0
622 4939.0
623 450.0
624 582.0
625 309.0
626 296.0
627 458.0
628 618.0
629 333.0
630 94.0
631 279.0
632 563.0
633 483.0
634 520.0
635 56.0
636 47.0
637 557.0
638 1.0
639 307.0
640 4790.0
641 2091.0
642 254.0
643 406.0
644 347.0
645 438.0
646 509.0
647 68.0
648 388.0
649 131.0
650 108.0
651 507.0
652 229.0
653 429.0
654 336.0
655 175.0
656 94.0
657 653.0
658 546.0
659 4576.0
660 493.0
661 178.0
662 3675.0
663 127.0
664 484.0
665 384.0
666 2021.0
667 274.0
668 2878.0
669 2080.0
670 391.0
671 620.0
672 459.0
673 3834.0
674 46.0
675 651.0
676 422.0
677 374.0
678 565.0
679 353.0
680 614.0
681 527.0
682 357.0
683 617.0
684 645.0
685 3148.0
686 4533.0
687 406.0
688 234.0
689 613.0
690 605.0
691 683.0
692 561.0
693 383.0
694 3549.0
695 646.0
696 328.0
697 301.0
698 490.0
699 664.0
700 413.0
701 272.0
702 297.0
703 393.0
704 333.0
705 265.0
706 221.0
707 610.0
708 2199.0
709 256.0
710 191.0
711 502.0
712 3889.0
713 106.0
714 358.0
715 609.0
716 645.0
717 124.0
718 2402.0
719 611.0
720 2579.0
721 171.0
722 108.0
723 292.0
724 698.0
725 508.0
726 213.0
727 268.0
728 347.0
729 2650.0
730 438.0
731 448.0
732 3581.0
733 29.0
734 589.0
735 89.0
736 356.0
737 54.0
738 2921.0
739 2906.0
740 188.0
741 398.0
742 421.0
743 487.0
744 716.0
745 636.0
746 736.0
747 2915.0
748 608.0
749 291.0
750 575.0
751 638.0
752 698.0
753 536.0
754 4970.0
755 552.0
756 94.0
757 748.0
758 1897.0
759 372.0
760 94.0
761 590.0
762 722.0
763 413.0
764 763.0
765 46.0
766 637.0
767 528.0
768 422.0
769 549.0
770 1245.0
771 215.0
772 58.0
773 63.0
774 466.0
775 660.0
776 130.0
777 466.0
778 609.0
779 731.0
780 701.0
781 544.0
782 180.0
783 377.0
784 679.0
785 274.0
786 452.0
787 233.0
788 652.0
789 654.0
790 3005.0
791 733.0
792 789.0
793 25.0
794 336.0
795 772.0
796 388.0
797 89.0
798 658.0
799 329.0
800 702.0
801 452.0
802 287.0
803 393.0
804 390.0
805 763.0
806 438.0
807 365.0
808 126.0
809 491.0
810 3754.0
811 745.0
812 716.0
813 655.0
814 93.0
815 458.0
816 791.0
817 651.0
818 622.0
819 54.0
820 429.0
821 567.0
822 2852.0
823 509.0
824 4970.0
825 492.0
826 760.0
827 748.0
828 168.0
829 381.0
830 631.0
831 631.0
832 175.0
833 781.0
834 660.0
835 830.0
836 76.0
837 175.0
838 181.0
839 753.0
840 133.0
841 657.0
842 6.0
843 7.0
844 568.0
845 672.0
846 558.0
847 4105.0
848 2661.0
849 777.0
850 530.0
851 493.0
852 332.0
853 419.0
854 610.0
855 491.0
856 664.0
857 768.0
858 568.0
859 833.0
860 433.0
861 622.0
862 531.0
863 657.0
864 709.0
865 164.0
866 219.0
867 475.0
868 480.0
869 513.0
870 54.0
871 756.0
872 318.0
873 857.0
874 391.0
875 643.0
876 653.0
877 2948.0
878 452.0
879 388.0
880 16.0
881 168.0
882 458.0
883 272.0
884 687.0
885 20.0
886 724.0
887 687.0
888 339.0
889 199.0
890 684.0
891 2585.0
892 592.0
893 1098.0
894 885.0
895 642.0
896 525.0
897 4684.0
898 817.0
899 764.0
900 452.0
901 863.0
902 558.0
903 321.0
904 507.0
905 159.0
906 171.0
907 886.0
908 631.0
909 360.0
910 459.0
911 196.0
912 707.0
913 805.0
914 1.0
915 274.0
916 839.0
917 846.0
918 495.0
919 54.0
920 841.0
921 371.0
922 700.0
923 375.0
924 719.0
925 4.0
926 434.0
927 831.0
928 896.0
929 485.0
930 796.0
931 463.0
932 250.0
933 786.0
934 611.0
935 753.0
936 703.0
937 645.0
938 611.0
939 827.0
940 27.0
941 879.0
942 412.0
943 648.0
944 452.0
945 880.0
946 32.0
947 804.0
948 742.0
949 804.0
950 933.0
951 644.0
952 671.0
953 613.0
954 950.0
955 896.0
956 944.0
957 543.0
958 335.0
959 17.0
960 670.0
961 508.0
962 264.0
963 912.0
964 660.0
965 418.0
966 928.0
967 957.0
968 645.0
969 334.0
970 475.0
971 824.0
972 279.0
973 783.0
974 152.0
975 917.0
976 815.0
977 728.0
978 912.0
979 806.0
980 963.0
981 913.0
982 420.0
983 841.0
984 525.0
985 709.0
986 611.0
987 744.0
988 955.0
989 413.0
990 444.0
991 689.0
992 924.0
993 783.0
994 968.0
995 944.0
996 965.0
997 2286.0
998 58.0
999 363.0
1000 476.0
1001 789.0
1002 808.0
1003 837.0
1004 898.0
1005 1001.0
1006 840.0
1007 733.0
1008 678.0
1009 832.0
1010 20.0
1011 938.0
1012 651.0
1013 986.0
1014 33.0
1015 209.0
1016 733.0
1017 152.0
1018 628.0
1019 33.0
1020 2577.0
1021 84.0
1022 618.0
1023 865.0
1024 873.0
1025 878.0
1026 544.0
1027 916.0
1028 941.0
1029 943.0
1030 860.0
1031 1017.0
1032 841.0
1033 68.0
1034 614.0
1035 831.0
1036 904.0
1037 422.0
1038 985.0
1039 900.0
1040 900.0
1041 347.0
1042 572.0
1043 974.0
1044 627.0
1045 610.0
1046 819.0
1047 789.0
1048 1010.0
1049 692.0
1050 1011.0
1051 751.0
1052 1036.0
1053 847.0
1054 544.0
1055 925.0
1056 1037.0
1057 366.0
1058 318.0
1059 868.0
1060 578.0
1061 613.0
1062 220.0
1063 434.0
1064 480.0
1065 413.0
1066 458.0
1067 837.0
1068 448.0
1069 901.0
1070 745.0
1071 348.0
1072 816.0
1073 289.0
1074 272.0
1075 774.0
1076 1028.0
1077 1017.0
1078 3814.0
1079 1010.0
1080 622.0
1081 837.0
1082 336.0
1083 687.0
1084 398.0
1085 789.0
1086 422.0
1087 642.0
1088 643.0
1089 922.0
1090 3966.0
1091 480.0
1092 860.0
1093 730.0
1094 1032.0
1095 782.0
1096 611.0
1097 937.0
1098 974.0
1099 730.0
1100 255.0
1101 656.0
1102 1050.0
1103 783.0
1104 227.0
1105 4409.0
1106 342.0
1107 497.0
1108 1877.0
1109 882.0
1110 758.0
1111 522.0
1112 777.0
1113 820.0
1114 1044.0
1115 830.0
1116 398.0
1117 255.0
1118 806.0
1119 981.0
1120 992.0
1121 356.0
1122 709.0
1123 890.0
1124 348.0
1125 33.0
1126 1036.0
1127 579.0
1128 515.0
1129 758.0
1130 956.0
1131 638.0
1132 495.0
1133 772.0
1134 1082.0
1135 1131.0
1136 839.0
1137 909.0
1138 631.0
1139 535.0
1140 774.0
1141 737.0
1142 1656.0
1143 864.0
1144 152.0
1145 792.0
1146 986.0
1147 795.0
1148 374.0
1149 1109.0
1150 1072.0
1151 1014.0
1152 436.0
1153 728.0
1154 1064.0
1155 330.0
1156 719.0
1157 485.0
1158 638.0
1159 82.0
1160 495.0
1161 968.0
1162 1055.0
1163 993.0
1164 873.0
1165 1096.0
1166 16.0
1167 973.0
1168 17.0
1169 1046.0
1170 863.0
1171 967.0
1172 880.0
1173 407.0
1174 996.0
1175 867.0
1176 1016.0
1177 1152.0
1178 941.0
1179 1076.0
1180 613.0
1181 671.0
1182 919.0
1183 1558.0
1184 406.0
1185 1064.0
1186 728.0
1187 1146.0
1188 670.0
1189 495.0
1190 893.0
1191 1166.0
1192 4034.0
1193 645.0
1194 1153.0
1195 347.0
1196 1135.0
1197 789.0
1198 925.0
1199 943.0
1200 945.0
1201 1149.0
1202 1082.0
1203 201.0
1204 1052.0
1205 527.0
1206 939.0
1207 507.0
1208 880.0
1209 256.0
1210 928.0
1211 1122.0
1212 1102.0
1213 1204.0
1214 1185.0
1215 557.0
1216 493.0
1217 955.0
1218 1076.0
1219 212.0
1220 1196.0
1221 1167.0
1222 1070.0
1223 436.0
1224 925.0
1225 353.0
1226 993.0
1227 1163.0
1228 709.0
1229 663.0
1230 1131.0
1231 937.0
1232 1141.0
1233 1177.0
1234 904.0
1235 930.0
1236 715.0
1237 944.0
1238 1140.0
1239 984.0
1240 638.0
1241 849.0
1242 1056.0
1243 475.0
1244 951.0
1245 933.0
1246 1152.0
1247 925.0
1248 700.0
1249 54.0
1250 1043.0
1251 1082.0
1252 1013.0
1253 751.0
1254 1031.0
1255 1115.0
1256 663.0
1257 832.0
1258 984.0
1259 859.0
1260 1146.0
1261 919.0
1262 1169.0
1263 1031.0
1264 928.0
1265 841.0
1266 1199.0
1267 984.0
1268 1025.0
1269 1079.0
1270 1011.0
1271 737.0
1272 493.0
1273 337.0
1274 920.0
1275 1259.0
1276 675.0
1277 676.0
1278 1218.0
1279 346.0
1280 1059.0
1281 1047.0
1282 480.0
1283 968.0
1284 398.0
1285 787.0
1286 943.0
1287 411.0
1288 398.0
1289 1163.0
1290 1016.0
1291 984.0
1292 819.0
1293 490.0
1294 837.0
1295 348.0
1296 1283.0
1297 988.0
1298 1144.0
1299 1023.0
1300 481.0
1301 873.0
1302 864.0
1303 589.0
1304 1264.0
1305 700.0
1306 1207.0
1307 930.0
1308 993.0
1309 377.0
1310 1303.0
1311 803.0
1312 1262.0
1313 928.0
1314 1239.0
1315 1261.0
1316 1160.0
1317 1261.0
1318 1102.0
1319 1187.0
1320 812.0
1321 1217.0
1322 631.0
1323 1278.0
1324 1069.0
1325 1204.0
1326 885.0
1327 1118.0
1328 1195.0
1329 844.0
1330 1318.0
1331 422.0
1332 525.0
1333 1130.0
1334 627.0
1335 1064.0
1336 1092.0
1337 728.0
1338 1075.0
1339 56.0
1340 789.0
1341 923.0
1342 596.0
1343 176.0
1344 1338.0
1345 1245.0
1346 962.0
1347 676.0
1348 1303.0
1349 955.0
1350 783.0
1351 1097.0
1352 794.0
1353 115.0
1354 585.0
1355 1242.0
1356 826.0
1357 1084.0
1358 1031.0
1359 907.0
1360 1096.0
1361 976.0
1362 550.0
1363 940.0
1364 1012.0
1365 422.0
1366 919.0
1367 1187.0
1368 700.0
1369 1230.0
1370 717.0
1371 54.0
1372 1332.0
1373 398.0
1374 870.0
1375 1280.0
1376 1154.0
1377 1306.0
1378 992.0
1379 1038.0
1380 1321.0
1381 1204.0
1382 1302.0
1383 1071.0
1384 830.0
1385 164.0
1386 879.0
1387 932.0
1388 1076.0
1389 1084.0
1390 771.0
1391 480.0
1392 1337.0
1393 1295.0
1394 1134.0
1395 1013.0
1396 1220.0
1397 1230.0
1398 857.0
1399 811.0
1400 1214.0
1401 407.0
1402 737.0
1403 902.0
1404 1093.0
1405 1258.0
1406 490.0
1407 1252.0
1408 951.0
1409 1210.0
1410 1318.0
1411 1023.0
1412 1092.0
1413 857.0
1414 1144.0
1415 1132.0
1416 885.0
1417 977.0
1418 256.0
1419 865.0
1420 1196.0
1421 1418.0
1422 1197.0
1423 1378.0
1424 2472.0
1425 1357.0
1426 988.0
1427 1198.0
1428 694.0
1429 908.0
1430 16.0
1431 741.0
1432 533.0
1433 438.0
1434 1429.0
1435 1261.0
1436 1169.0
1437 1244.0
1438 989.0
1439 1010.0
1440 418.0
1441 1244.0
1442 1135.0
1443 1289.0
1444 928.0
1445 643.0
1446 1282.0
1447 1261.0
1448 985.0
1449 1288.0
1450 433.0
1451 54.0
1452 1336.0
1453 418.0
1454 1308.0
1455 745.0
1456 1253.0
1457 1282.0
1458 1289.0
1459 1202.0
1460 962.0
1461 1282.0
1462 1255.0
1463 503.0
1464 1217.0
1465 490.0
1466 1131.0
1467 1396.0
1468 1252.0
1469 1350.0
1470 1135.0
1471 1264.0
1472 1391.0
1473 876.0
1474 1155.0
1475 1226.0
1476 1319.0
1477 648.0
1478 941.0
1479 94.0
1480 1024.0
1481 1118.0
1482 1210.0
1483 1472.0
1484 1468.0
1485 508.0
1486 1482.0
1487 1185.0
1488 715.0
1489 630.0
1490 1115.0
1491 1437.0
1492 1328.0
1493 928.0
1494 1314.0
1495 175.0
1496 1391.0
1497 1493.0
1498 1412.0
1499 1473.0
1500 1196.0
1501 1277.0
1502 1169.0
1503 20.0
1504 1433.0
1505 695.0
1506 1389.0
1507 638.0
1508 868.0
1509 1220.0
1510 1214.0
1511 1438.0
1512 1064.0
1513 1261.0
1514 1224.0
1515 47.0
1516 859.0
1517 463.0
1518 1446.0
1519 829.0
1520 1316.0
1521 1103.0
1522 1501.0
1523 1301.0
1524 643.0
1525 1197.0
1526 1143.0
1527 1186.0
1528 884.0
1529 1174.0
1530 1103.0
1531 925.0
1532 1055.0
1533 1202.0
1534 1418.0
1535 1313.0
1536 1458.0
1537 1513.0
1538 1260.0
1539 1312.0
1540 1280.0
1541 1291.0
1542 1302.0
1543 1486.0
1544 655.0
1545 1091.0
1546 1264.0
1547 1316.0
1548 1264.0
1549 1400.0
1550 544.0
1551 1380.0
1552 1527.0
1553 54.0
1554 1178.0
1555 1429.0
1556 1096.0
1557 1269.0
1558 507.0
1559 1402.0
1560 1221.0
1561 1126.0
1562 1147.0
1563 1260.0
1564 1317.0
1565 1509.0
1566 1521.0
1567 2151.0
1568 279.0
1569 1512.0
1570 1526.0
1571 1295.0
1572 1124.0
1573 1484.0
1574 1235.0
1575 1091.0
1576 1186.0
1577 865.0
1578 676.0
1579 1512.0
1580 1481.0
1581 1546.0
1582 751.0
1583 1330.0
1584 1549.0
1585 1295.0
1586 1446.0
1587 1507.0
1588 1435.0
1589 302.0
1590 1232.0
1591 1375.0
1592 413.0
1593 638.0
1594 1120.0
1595 894.0
1596 1586.0
1597 1093.0
1598 1349.0
1599 1269.0
1600 1497.0
1601 1356.0
1602 1591.0
1603 585.0
1604 1350.0
1605 1317.0
1606 3237.0
1607 1568.0
1608 1540.0
1609 1322.0
1610 924.0
1611 1490.0
1612 1501.0
1613 1309.0
1614 1596.0
1615 955.0
1616 1602.0
1617 1178.0
1618 709.0
1619 1500.0
1620 1359.0
1621 1185.0
1622 1103.0
1623 1128.0
1624 1579.0
1625 1380.0
1626 1451.0
1627 1029.0
1628 1448.0
1629 919.0
1630 1552.0
1631 1557.0
1632 1214.0
1633 348.0
1634 656.0
1635 1448.0
1636 1435.0
1637 1280.0
1638 1446.0
1639 868.0
1640 1481.0
1641 1480.0
1642 1551.0
1643 1382.0
1644 648.0
1645 1475.0
1646 972.0
1647 1602.0
1648 919.0
1649 1277.0
1650 985.0
1651 68.0
1652 786.0
1653 938.0
1654 1546.0
1655 1047.0
1656 987.0
1657 1642.0
1658 1170.0
1659 1527.0
1660 1335.0
1661 1143.0
1662 1549.0
1663 1152.0
1664 668.0
1665 789.0
1666 1097.0
1667 1654.0
1668 1253.0
1669 1460.0
1670 1145.0
1671 1244.0
1672 1372.0
1673 1596.0
1674 896.0
1675 1297.0
1676 1239.0
1677 20.0
1678 1566.0
1679 1633.0
1680 1676.0
1681 1418.0
1682 1652.0
1683 1301.0
1684 1253.0
1685 857.0
1686 1618.0
1687 1673.0
1688 1602.0
1689 1667.0
1690 1604.0
1691 1435.0
1692 578.0
1693 1258.0
1694 860.0
1695 1242.0
1696 1485.0
1697 1589.0
1698 728.0
1699 751.0
1700 1318.0
1701 1436.0
1702 1145.0
1703 1307.0
1704 1297.0
1705 1475.0
1706 1650.0
1707 1676.0
1708 966.0
1709 1684.0
1710 1709.0
1711 1688.0
1712 783.0
1713 1389.0
1714 1084.0
1715 1336.0
1716 1262.0
1717 1456.0
1718 388.0
1719 1187.0
1720 1196.0
1721 1627.0
1722 1541.0
1723 986.0
1724 1604.0
1725 1065.0
1726 1638.0
1727 1315.0
1728 1500.0
1729 928.0
1730 751.0
1731 1680.0
1732 1545.0
1733 1135.0
1734 1369.0
1735 1280.0
1736 1587.0
1737 1493.0
1738 1309.0
1739 944.0
1740 1175.0
1741 1566.0
1742 1665.0
1743 1158.0
1744 1455.0
1745 1215.0
1746 1586.0
1747 1375.0
1748 1586.0
1749 1158.0
1750 638.0
1751 1442.0
1752 412.0
1753 1736.0
1754 1565.0
1755 984.0
1756 984.0
1757 1543.0
1758 1397.0
1759 409.0
1760 914.0
1761 468.0
1762 1593.0
1763 1168.0
1764 1267.0
1765 1722.0
1766 1727.0
1767 1600.0
1768 1317.0
1769 1291.0
1770 773.0
1771 1395.0
1772 1579.0
1773 1025.0
1774 1756.0
1775 1267.0
1776 1154.0
1777 1059.0
1778 1776.0
1779 1420.0
1780 985.0
1781 1302.0
1782 1598.0
1783 1649.0
1784 928.0
1785 256.0
1786 480.0
1787 1743.0
1788 20.0
1789 1350.0
1790 1214.0
1791 1400.0
1792 1371.0
1793 1749.0
1794 1754.0
1795 1784.0
1796 1288.0
1797 1772.0
1798 1084.0
1799 1414.0
1800 1509.0
1801 1451.0
1802 896.0
1803 418.0
1804 1753.0
1805 1413.0
1806 1288.0
1807 1230.0
1808 896.0
1809 1756.0
1810 1235.0
1811 1512.0
1812 1182.0
1813 1323.0
1814 1722.0
1815 1502.0
1816 1258.0
1817 1357.0
1818 1795.0
1819 3139.0
1820 1584.0
1821 1011.0
1822 1818.0
1823 1056.0
1824 1029.0
1825 1626.0
1826 1288.0
1827 377.0
1828 630.0
1829 1793.0
1830 1038.0
1831 1397.0
1832 1243.0
1833 1654.0
1834 1195.0
1835 1532.0
1836 1645.0
1837 1807.0
1838 1758.0
1839 1803.0
1840 1737.0
1841 1631.0
1842 654.0
1843 1788.0
1844 1657.0
1845 1813.0
1846 1143.0
1847 965.0
1848 1748.0
1849 1338.0
1850 1569.0
1851 1542.0
1852 728.0
1853 1291.0
1854 1310.0
1855 1684.0
1856 1502.0
1857 480.0
1858 1735.0
1859 480.0
1860 1398.0
1861 1681.0
1862 1784.0
1863 716.0
1864 1787.0
1865 1297.0
1866 1766.0
1867 638.0
1868 1315.0
1869 1760.0
1870 578.0
1871 1868.0
1872 890.0
1873 1814.0
1874 1591.0
1875 1086.0
1876 550.0
1877 1135.0
1878 977.0
1879 1769.0
1880 1271.0
1881 1220.0
1882 1587.0
1883 1735.0
1884 1512.0
1885 1800.0
1886 550.0
1887 1564.0
1888 1291.0
1889 1145.0
1890 1706.0
1891 1725.0
1892 1806.0
1893 1131.0
1894 1590.0
1895 1461.0
1896 1667.0
1897 1747.0
1898 1769.0
1899 1435.0
1900 1746.0
1901 1.0
1902 676.0
1903 1051.0
1904 1903.0
1905 1579.0
1906 1869.0
1907 54.0
1908 1508.0
1909 1393.0
1910 1813.0
1911 914.0
1912 1850.0
1913 1729.0
1914 1365.0
1915 1551.0
1916 1369.0
1917 1059.0
1918 1829.0
1919 54.0
1920 1753.0
1921 984.0
1922 1911.0
1923 1883.0
1924 1809.0
1925 1472.0
1926 1760.0
1927 1643.0
1928 1816.0
1929 1466.0
1930 1737.0
1931 1425.0
1932 1508.0
1933 1916.0
1934 1673.0
1935 1706.0
1936 1709.0
1937 1643.0
1938 1758.0
1939 1132.0
1940 1282.0
1941 398.0
1942 1451.0
1943 1624.0
1944 1850.0
1945 868.0
1946 1899.0
1947 1071.0
1948 1754.0
1949 1926.0
1950 1509.0
1951 1235.0
1952 1579.0
1953 1602.0
1954 1776.0
1955 1903.0
1956 879.0
1957 1158.0
1958 1613.0
1959 1465.0
1960 1874.0
1961 480.0
1962 896.0
1963 1602.0
1964 1565.0
1965 1901.0
1966 1850.0
1967 1639.0
1968 1908.0
1969 1359.0
1970 1930.0
1971 1918.0
1972 1560.0
1973 1908.0
1974 1264.0
1975 1884.0
1976 1966.0
1977 1626.0
1978 1782.0
1979 1929.0
1980 1881.0
1981 1673.0
1982 1521.0
1983 1940.0
1984 1915.0
1985 1960.0
1986 1858.0
1987 1707.0
1988 1639.0
1989 1848.0
1990 1583.0
1991 1950.0
1992 1722.0
1993 1439.0
1994 1730.0
1995 1897.0
1996 1729.0
1997 1769.0
1998 1604.0
1999 1710.0
2000 1751.0
2001 1882.0
2002 1457.0
2003 651.0
2004 1469.0
2005 1893.0
2006 1258.0
2007 1888.0
2008 1131.0
2009 1986.0
2010 1961.0
2011 1797.0
2012 1500.0
2013 1716.0
2014 1804.0
2015 1776.0
2016 1785.0
2017 1888.0
2018 1267.0
2019 1733.0
2020 1923.0
2021 1954.0
2022 1447.0
2023 1568.0
2024 1507.0
2025 1921.0
2026 1707.0
2027 1135.0
2028 1720.0
2029 1884.0
2030 1748.0
2031 1486.0
2032 422.0
2033 1177.0
2034 1809.0
2035 1482.0
2036 1642.0
2037 1637.0
2038 984.0
2039 1735.0
2040 1900.0
2041 1637.0
2042 1995.0
2043 1498.0
2044 1602.0
2045 1487.0
2046 1853.0
2047 1786.0
2048 1496.0
2049 1582.0
2050 1642.0
2051 1689.0
2052 1966.0
2053 1775.0
2054 1391.0
2055 1933.0
2056 1391.0
2057 1930.0
2058 1979.0
2059 1541.0
2060 1507.0
2061 1645.0
2062 1041.0
2063 2014.0
2064 1313.0
2065 1973.0
2066 1928.0
2067 2040.0
2068 1776.0
2069 2030.0
2070 1450.0
2071 1064.0
2072 1769.0
2073 1898.0
2074 1492.0
2075 1092.0
2076 1818.0
2077 1931.0
2078 955.0
2079 2034.0
2080 2021.0
2081 2068.0
2082 1809.0
2083 578.0
2084 1830.0
2085 2079.0
2086 2027.0
2087 1985.0
2088 2047.0
2089 1135.0
2090 1733.0
2091 868.0
2092 1732.0
2093 986.0
2094 1802.0
2095 1443.0
2096 1163.0
2097 1196.0
2098 1987.0
2099 1154.0
2100 1732.0
2101 2073.0
2102 1908.0
2103 1760.0
2104 951.0
2105 1933.0
2106 1046.0
2107 1707.0
2108 2107.0
2109 1457.0
2110 2068.0
2111 2089.0
2112 1174.0
2113 2006.0
2114 1344.0
2115 1507.0
2116 1707.0
2117 1791.0
2118 1957.0
2119 1791.0
2120 2105.0
2121 1713.0
2122 1802.0
2123 1833.0
2124 1335.0
2125 1850.0
2126 1426.0
2127 965.0
2128 1482.0
2129 1776.0
2130 1743.0
2131 1543.0
2132 2110.0
2133 1867.0
2134 2001.0
2135 1535.0
2136 2099.0
2137 1526.0
2138 1436.0
2139 928.0
2140 1210.0
2141 1775.0
2142 1974.0
2143 648.0
2144 1698.0
2145 2015.0
2146 2071.0
2147 1486.0
2148 1837.0
2149 2066.0
2150 2045.0
2151 1475.0
2152 1822.0
2153 480.0
2154 1239.0
2155 1575.0
2156 1922.0
2157 1988.0
2158 1632.0
2159 2070.0
2160 2048.0
2161 2104.0
2162 1736.0
2163 2017.0
2164 1686.0
2165 2154.0
2166 1939.0
2167 928.0
2168 1940.0
2169 1621.0
2170 1917.0
2171 1829.0
2172 2007.0
2173 1587.0
2174 1043.0
2175 1706.0
2176 1540.0
2177 1901.0
2178 972.0
2179 1750.0
2180 1920.0
2181 1818.0
2182 2167.0
2183 1637.0
2184 1376.0
2185 1587.0
2186 2116.0
2187 1280.0
2188 1795.0
2189 2133.0
2190 1943.0
2191 1848.0
2192 1976.0
2193 1827.0
2194 525.0
2195 736.0
2196 2015.0
2197 1850.0
2198 1753.0
2199 1932.0
2200 1806.0
2201 1660.0
2202 1331.0
2203 1471.0
2204 2199.0
2205 1464.0
2206 1753.0
2207 1933.0
2208 525.0
2209 1822.0
2210 1850.0
2211 1291.0
2212 2065.0
2213 1507.0
2214 1654.0
2215 1676.0
2216 2208.0
2217 1441.0
2218 2088.0
2219 2097.0
2220 1733.0
2221 1916.0
2222 1756.0
2223 1897.0
2224 2067.0
2225 1486.0
2226 1291.0
2227 2168.0
2228 1456.0
2229 2211.0
2230 1720.0
2231 2025.0
2232 1961.0
2233 1936.0
2234 1908.0
2235 1262.0
2236 1369.0
2237 2031.0
2238 2056.0
2239 1873.0
2240 2125.0
2241 1816.0
2242 1916.0
2243 2038.0
2244 2110.0
2245 2155.0
2246 2171.0
2247 2196.0
2248 2221.0
2249 2026.0
2250 2171.0
2251 1613.0
2252 2047.0
2253 1369.0
2254 2146.0
2255 2122.0
2256 1934.0
2257 1267.0
2258 1809.0
2259 1750.0
2260 1903.0
2261 2188.0
2262 1291.0
2263 2035.0
2264 1862.0
2265 1930.0
2266 1707.0
2267 1470.0
2268 2172.0
2269 966.0
2270 1928.0
2271 2242.0
2272 1743.0
2273 1992.0
2274 2247.0
2275 1889.0
2276 2228.0
2277 1477.0
2278 2116.0
2279 1614.0
2280 1930.0
2281 2105.0
2282 2154.0
2283 1802.0
2284 1932.0
2285 2172.0
2286 1777.0
2287 2218.0
2288 1217.0
2289 2268.0
2290 1755.0
2291 2229.0
2292 1962.0
2293 2039.0
2294 2026.0
2295 2250.0
2296 2054.0
2297 1765.0
2298 2237.0
2299 1857.0
2300 2037.0
2301 1778.0
2302 1291.0
2303 2262.0
2304 1633.0
2305 2076.0
2306 2290.0
2307 1743.0
2308 2063.0
2309 1369.0
2310 1788.0
2311 1814.0
2312 1605.0
2313 2295.0
2314 2226.0
2315 1660.0
2316 2226.0
2317 1369.0
2318 1673.0
2319 2260.0
2320 2307.0
2321 1472.0
2322 2157.0
2323 1321.0
2324 2274.0
2325 2063.0
2326 1743.0
2327 1943.0
2328 1210.0
2329 2309.0
2330 2289.0
2331 2207.0
2332 1945.0
2333 1735.0
2334 1.0
2335 2157.0
2336 1707.0
2337 1942.0
2338 2157.0
2339 1923.0
2340 1307.0
2341 1091.0
2342 2068.0
2343 1962.0
2344 2154.0
2345 2259.0
2346 1911.0
2347 2076.0
2348 1280.0
2349 2198.0
2350 1778.0
2351 2048.0
2352 2030.0
2353 1713.0
2354 1908.0
2355 2271.0
2356 1769.0
2357 1673.0
2358 2258.0
2359 1312.0
2360 2129.0
2361 2250.0
2362 2168.0
2363 1707.0
2364 1804.0
2365 953.0
2366 2308.0
2367 2039.0
2368 955.0
2369 1983.0
2370 1420.0
2371 1582.0
2372 2094.0
2373 1940.0
2374 2225.0
2375 2101.0
2376 2364.0
2377 2362.0
2378 2224.0
2379 2039.0
2380 1793.0
2381 1051.0
2382 1461.0
2383 1750.0
2384 2314.0
2385 2322.0
2386 2285.0
2387 1367.0
2388 2196.0
2389 1996.0
2390 2296.0
2391 1915.0
2392 2113.0
2393 2059.0
2394 896.0
2395 2317.0
2396 1974.0
2397 1809.0
2398 2302.0
2399 2377.0
2400 2292.0
2401 1732.0
2402 1472.0
2403 2034.0
2404 2331.0
2405 2206.0
2406 1760.0
2407 1853.0
2408 1734.0
2409 1472.0
2410 2344.0
2411 1442.0
2412 1154.0
2413 2343.0
2414 1493.0
2415 2404.0
2416 2017.0
2417 2191.0
2418 2167.0
2419 1940.0
2420 1575.0
2421 2046.0
2422 896.0
2423 2302.0
2424 2154.0
2425 1924.0
2426 2001.0
2427 2375.0
2428 1546.0
2429 2281.0
2430 2273.0
2431 1952.0
2432 1638.0
2433 2081.0
2434 2102.0
2435 2353.0
2436 1904.0
2437 2272.0
2438 2401.0
2439 2198.0
2440 1587.0
2441 928.0
2442 2055.0
2443 2197.0
2444 2428.0
2445 2420.0
2446 2164.0
2447 1596.0
2448 709.0
2449 2102.0
2450 1282.0
2451 2240.0
2452 2183.0
2453 2292.0
2454 2157.0
2455 2306.0
2456 1593.0
2457 914.0
2458 2346.0
2459 1907.0
2460 2085.0
2461 2266.0
2462 1988.0
2463 1968.0
2464 1769.0
2465 2025.0
2466 1289.0
2467 2103.0
2468 2281.0
2469 1593.0
2470 2363.0
2471 2440.0
2472 2331.0
2473 2364.0
2474 2297.0
2475 1944.0
2476 2153.0
2477 1960.0
2478 2008.0
2479 1711.0
2480 1732.0
2481 2410.0
2482 2179.0
2483 2113.0
2484 2038.0
2485 2375.0
2486 1253.0
2487 1949.0
2488 2474.0
2489 1802.0
2490 2346.0
2491 2297.0
2492 2457.0
2493 1999.0
2494 868.0
2495 2474.0
2496 1925.0
2497 2026.0
2498 2461.0
2499 2440.0
2500 1468.0
2501 2306.0
2502 1808.0
2503 2158.0
2504 2331.0
2505 2420.0
2506 1545.0
2507 2024.0
2508 2383.0
2509 1456.0
2510 1639.0
2511 2091.0
2512 2407.0
2513 1637.0
2514 2253.0
2515 2398.0
2516 1987.0
2517 2142.0
2518 1774.0
2519 2415.0
2520 2047.0
2521 2343.0
2522 1960.0
2523 2426.0
2524 2489.0
2525 1726.0
2526 1921.0
2527 1922.0
2528 1787.0
2529 2055.0
2530 2386.0
2531 2467.0
2532 1965.0
2533 2258.0
2534 2149.0
2535 2426.0
2536 1756.0
2537 1921.0
2538 2105.0
2539 2452.0
2540 2526.0
2541 2330.0
2542 2460.0
2543 2431.0
2544 2317.0
2545 1858.0
2546 1684.0
2547 1335.0
2548 1833.0
2549 2416.0
2550 2211.0
2551 1995.0
2552 1747.0
2553 1726.0
2554 1091.0
2555 2518.0
2556 2520.0
2557 2363.0
2558 2399.0
2559 2322.0
2560 2131.0
2561 1787.0
2562 1439.0
2563 868.0
2564 1482.0
2565 2460.0
2566 1566.0
2567 2237.0
2568 1518.0
2569 1657.0
2570 2519.0
2571 2404.0
2572 1888.0
2573 1731.0
2574 2457.0
2575 2047.0
2576 2568.0
2577 1820.0
2578 2156.0
2579 1209.0
2580 1280.0
2581 1638.0
2582 2185.0
2583 2317.0
2584 2452.0
2585 2402.0
2586 2153.0
2587 1858.0
2588 2549.0
2589 2059.0
2590 2099.0
2591 1921.0
2592 2508.0
2593 2306.0
2594 525.0
2595 2006.0
2596 1760.0
2597 1838.0
2598 2374.0
2599 2458.0
2600 2065.0
2601 2571.0
2602 1749.0
2603 2026.0
2604 2561.0
2605 2156.0
2606 1672.0
2607 1923.0
2608 1707.0
2609 2555.0
2610 2539.0
2611 2523.0
2612 2024.0
2613 2512.0
2614 1158.0
2615 1.0
2616 2461.0
2617 1779.0
2618 2528.0
2619 2303.0
2620 1923.0
2621 2578.0
2622 1158.0
2623 1282.0
2624 966.0
2625 1239.0
2626 2179.0
2627 2549.0
2628 2307.0
2629 2300.0
2630 2207.0
2631 2419.0
2632 1831.0
2633 1873.0
2634 1940.0
2635 2462.0
2636 1944.0
2637 2604.0
2638 2225.0
2639 2603.0
2640 1672.0
2641 2383.0
2642 2009.0
2643 2224.0
2644 2122.0
2645 1888.0
2646 2140.0
2647 1535.0
2648 2647.0
2649 2211.0
2650 2136.0
2651 2001.0
2652 2460.0
2653 2323.0
2654 2492.0
2655 2532.0
2656 1920.0
2657 1131.0
2658 1614.0
2659 2034.0
2660 2331.0
2661 2513.0
2662 638.0
2663 1587.0
2664 2380.0
2665 2290.0
2666 2490.0
2667 2639.0
2668 2399.0
2669 2211.0
2670 2392.0
2671 2408.0
2672 2010.0
2673 2002.0
2674 2429.0
2675 2557.0
2676 2475.0
2677 2179.0
2678 1908.0
2679 1707.0
2680 1541.0
2681 2327.0
2682 2657.0
2683 1991.0
2684 1734.0
2685 2046.0
2686 2346.0
2687 2039.0
2688 2615.0
2689 2133.0
2690 2321.0
2691 2458.0
2692 2512.0
2693 2107.0
2694 2664.0
2695 2679.0
2696 1565.0
2697 2512.0
2698 2589.0
2699 2038.0
2700 2651.0
2701 2489.0
2702 1804.0
2703 2355.0
2704 2438.0
2705 2530.0
2706 2532.0
2707 2565.0
2708 2256.0
2709 2574.0
2710 1940.0
2711 2450.0
2712 2215.0
2713 2563.0
2714 1818.0
2715 2194.0
2716 2180.0
2717 2018.0
2718 2203.0
2719 868.0
2720 1676.0
2721 2206.0
2722 1472.0
2723 2615.0
2724 2495.0
2725 2005.0
2726 2634.0
2727 2608.0
2728 2669.0
2729 2122.0
2730 2661.0
2731 2165.0
2732 2311.0
2733 2167.0
2734 2272.0
2735 1182.0
2736 2712.0
2737 2017.0
2738 2585.0
2739 1064.0
2740 1922.0
2741 1750.0
2742 2060.0
2743 2578.0
2744 2296.0
2745 2652.0
2746 2490.0
2747 2215.0
2748 2583.0
2749 1755.0
2750 2407.0
2751 2234.0
2752 2591.0
2753 2408.0
2754 1091.0
2755 1743.0
2756 2609.0
2757 2723.0
2758 1848.0
2759 2470.0
2760 2443.0
2761 2402.0
2762 1239.0
2763 2697.0
2764 1760.0
2765 2623.0
2766 2109.0
2767 2680.0
2768 2746.0
2769 2212.0
2770 2285.0
2771 2495.0
2772 1760.0
2773 2092.0
2774 2545.0
2775 2531.0
2776 1944.0
2777 2763.0
2778 2398.0
2779 2545.0
2780 2535.0
2781 2607.0
2782 2499.0
2783 2317.0
2784 2473.0
2785 2637.0
2786 1898.0
2787 2637.0
2788 2634.0
2789 2135.0
2790 2103.0
2791 2622.0
2792 2326.0
2793 1986.0
2794 2302.0
2795 2527.0
2796 1908.0
2797 2478.0
2798 2630.0
2799 2507.0
2800 2060.0
2801 1472.0
2802 2286.0
2803 2664.0
2804 2449.0
2805 2173.0
2806 2380.0
2807 2060.0
2808 2088.0
2809 2441.0
2810 2572.0
2811 2325.0
2812 2017.0
2813 2383.0
2814 1732.0
2815 2544.0
2816 2805.0
2817 2034.0
2818 2402.0
2819 2778.0
2820 2752.0
2821 2750.0
2822 1802.0
2823 1774.0
2824 2818.0
2825 2292.0
2826 2740.0
2827 2437.0
2828 2808.0
2829 2030.0
2830 2331.0
2831 2060.0
2832 2437.0
2833 2742.0
2834 2594.0
2835 2710.0
2836 2583.0
2837 2506.0
2838 1.0
2839 2490.0
2840 2491.0
2841 1732.0
2842 2162.0
2843 2367.0
2844 2299.0
2845 2109.0
2846 2740.0
2847 2612.0
2848 1786.0
2849 2316.0
2850 2822.0
2851 1850.0
2852 1818.0
2853 2088.0
2854 2383.0
2855 2846.0
2856 1897.0
2857 2756.0
2858 1965.0
2859 2760.0
2860 2635.0
2861 2592.0
2862 2585.0
2863 2136.0
2864 2113.0
2865 2825.0
2866 2619.0
2867 2759.0
2868 2419.0
2869 1786.0
2870 2520.0
2871 2362.0
2872 2785.0
2873 2155.0
2874 2034.0
2875 2811.0
2876 2698.0
2877 2823.0
2878 2007.0
2879 2317.0
2880 2008.0
2881 2108.0
2882 2641.0
2883 2302.0
2884 2398.0
2885 2799.0
2886 2231.0
2887 2172.0
2888 2868.0
2889 2692.0
2890 2703.0
2891 2160.0
2892 2721.0
2893 2817.0
2894 2047.0
2895 1874.0
2896 2607.0
2897 2010.0
2898 2622.0
2899 2841.0
2900 2262.0
2901 2385.0
2902 1734.0
2903 2868.0
2904 2383.0
2905 1732.0
2906 2439.0
2907 2458.0
2908 2853.0
2909 1.0
2910 2838.0
2911 2504.0
2912 1861.0
2913 2885.0
2914 2173.0
2915 1755.0
2916 2580.0
2917 2019.0
2918 2639.0
2919 2869.0
2920 2768.0
2921 2237.0
2922 2564.0
2923 2518.0
2924 2177.0
2925 2526.0
2926 2153.0
2927 2925.0
2928 2377.0
2929 2720.0
2930 2862.0
2931 2285.0
2932 2060.0
2933 2574.0
2934 2836.0
2935 2089.0
2936 1786.0
2937 2728.0
2938 2155.0
2939 1545.0
2940 1896.0
2941 2393.0
2942 2362.0
2943 1926.0
2944 2791.0
2945 1734.0
2946 2442.0
2947 2467.0
2948 2279.0
2949 2268.0
2950 2765.0
2951 2460.0
2952 2742.0
2953 2497.0
2954 2306.0
2955 2258.0
2956 2862.0
2957 2289.0
2958 1901.0
2959 2686.0
2960 2700.0
2961 2146.0
2962 2165.0
2963 2394.0
2964 2390.0
2965 2412.0
2966 2588.0
2967 2584.0
2968 1587.0
2969 2303.0
2970 2608.0
2971 2542.0
2972 2206.0
2973 2799.0
2974 1.0
2975 2754.0
2976 2752.0
2977 2793.0
2978 1987.0
2979 2218.0
2980 2010.0
2981 1901.0
2982 2765.0
2983 2268.0
2984 2404.0
2985 2797.0
2986 1732.0
2987 2889.0
2988 2958.0
2989 2813.0
2990 2026.0
2991 2873.0
2992 2321.0
2993 1729.0
2994 2871.0
2995 2608.0
2996 2069.0
2997 2384.0
2998 2060.0
2999 2285.0
3000 2518.0
3001 2194.0
3002 2846.0
3003 1786.0
3004 2838.0
3005 2732.0
3006 2535.0
3007 2754.0
3008 1786.0
3009 2659.0
3010 2637.0
3011 2685.0
3012 2512.0
3013 2736.0
3014 2255.0
3015 2968.0
3016 1961.0
3017 1676.0
3018 2290.0
3019 2880.0
3020 1291.0
3021 2420.0
3022 2528.0
3023 2686.0
3024 2848.0
3025 2625.0
3026 2823.0
3027 2815.0
3028 2420.0
3029 2832.0
3030 2173.0
3031 2680.0
3032 2423.0
3033 1372.0
3034 2363.0
3035 2797.0
3036 2152.0
3037 2556.0
3038 2079.0
3039 2939.0
3040 2509.0
3041 2747.0
3042 2385.0
3043 2709.0
3044 2183.0
3045 2801.0
3046 2467.0
3047 2445.0
3048 2998.0
3049 2651.0
3050 2506.0
3051 2183.0
3052 2564.0
3053 2749.0
3054 2668.0
3055 2358.0
3056 1750.0
3057 1753.0
3058 1280.0
3059 2544.0
3060 2280.0
3061 2871.0
3062 2246.0
3063 2952.0
3064 2229.0
3065 2731.0
3066 2955.0
3067 2482.0
3068 2782.0
3069 2828.0
3070 1989.0
3071 1774.0
3072 1816.0
3073 3021.0
3074 2155.0
3075 2945.0
3076 2677.0
3077 2765.0
3078 2047.0
3079 3067.0
3080 1282.0
3081 2853.0
3082 2728.0
3083 2354.0
3084 2901.0
3085 2429.0
3086 2989.0
3087 2031.0
3088 2211.0
3089 2536.0
3090 2979.0
3091 2018.0
3092 2750.0
3093 2105.0
3094 2346.0
3095 2678.0
3096 2592.0
3097 2965.0
3098 3020.0
3099 2664.0
3100 2774.0
3101 2956.0
3102 2742.0
3103 2194.0
3104 3061.0
3105 2177.0
3106 2873.0
3107 2949.0
3108 2850.0
3109 2978.0
3110 2792.0
3111 1545.0
3112 1639.0
3113 2643.0
3114 3064.0
3115 2882.0
3116 2261.0
3117 2556.0
3118 2933.0
3119 2303.0
3120 914.0
3121 2849.0
3122 2383.0
3123 3046.0
3124 1507.0
3125 2153.0
3126 2024.0
3127 1131.0
3128 2736.0
3129 2697.0
3130 2926.0
3131 1777.0
3132 2545.0
3133 2408.0
3134 2821.0
3135 2354.0
3136 2746.0
3137 3008.0
3138 3086.0
3139 2293.0
3140 2565.0
3141 2482.0
3142 2321.0
3143 2162.0
3144 2829.0
3145 2616.0
3146 2060.0
3147 3128.0
3148 1857.0
3149 2299.0
3150 2987.0
3151 2289.0
3152 3003.0
3153 2796.0
3154 2284.0
3155 2047.0
3156 1920.0
3157 2268.0
3158 2684.0
3159 3124.0
3160 3118.0
3161 2602.0
3162 2680.0
3163 3012.0
3164 2651.0
3165 2742.0
3166 2641.0
3167 3072.0
3168 2949.0
3169 2179.0
3170 2992.0
3171 2499.0
3172 2723.0
3173 2024.0
3174 2906.0
3175 1471.0
3176 2589.0
3177 2316.0
3178 1967.0
3179 2636.0
3180 2287.0
3181 3147.0
3182 3147.0
3183 2402.0
3184 2808.0
3185 2651.0
3186 3071.0
3187 3102.0
3188 3120.0
3189 2593.0
3190 2729.0
3191 1736.0
3192 2833.0
3193 3125.0
3194 2816.0
3195 1391.0
3196 2715.0
3197 3183.0
3198 2722.0
3199 2844.0
3200 2463.0
3201 2663.0
3202 3061.0
3203 2699.0
3204 1911.0
3205 3158.0
3206 2412.0
3207 3119.0
3208 3016.0
3209 3032.0
3210 2513.0
3211 2354.0
3212 2060.0
3213 2938.0
3214 3128.0
3215 2963.0
3216 1593.0
3217 3136.0
3218 2206.0
3219 2710.0
3220 2314.0
3221 2592.0
3222 2402.0
3223 2905.0
3224 2854.0
3225 1987.0
3226 3067.0
3227 2526.0
3228 2535.0
3229 2991.0
3230 3149.0
3231 2523.0
3232 3015.0
3233 2002.0
3234 2349.0
3235 3022.0
3236 3234.0
3237 2211.0
3238 1731.0
3239 3230.0
3240 2941.0
3241 3172.0
3242 2883.0
3243 2588.0
3244 2445.0
3245 1282.0
3246 2857.0
3247 2294.0
3248 3020.0
3249 3096.0
3250 2596.0
3251 1749.0
3252 2715.0
3253 1888.0
3254 2034.0
3255 2641.0
3256 3198.0
3257 2128.0
3258 2098.0
3259 2936.0
3260 2743.0
3261 2666.0
3262 2700.0
3263 2409.0
3264 2215.0
3265 2645.0
3266 2867.0
3267 3264.0
3268 3147.0
3269 1853.0
3270 2877.0
3271 3028.0
3272 3138.0
3273 2995.0
3274 3035.0
3275 2726.0
3276 2626.0
3277 3266.0
3278 2215.0
3279 2794.0
3280 2979.0
3281 2836.0
3282 2970.0
3283 3071.0
3284 2177.0
3285 3001.0
3286 2855.0
3287 3176.0
3288 2194.0
3289 3183.0
3290 2154.0
3291 3143.0
3292 3125.0
3293 2574.0
3294 2749.0
3295 3253.0
3296 2105.0
3297 3285.0
3298 3287.0
3299 3237.0
3300 2652.0
3301 2932.0
3302 2932.0
3303 3162.0
3304 1545.0
3305 3053.0
3306 3280.0
3307 2873.0
3308 2272.0
3309 1755.0
3310 3177.0
3311 2162.0
3312 3086.0
3313 3263.0
3314 3018.0
3315 1755.0
3316 2848.0
3317 2915.0
3318 2847.0
3319 2372.0
3320 3041.0
3321 3121.0
3322 2507.0
3323 2987.0
3324 3148.0
3325 2747.0
3326 3180.0
3327 2499.0
3328 3313.0
3329 2292.0
3330 3012.0
3331 3271.0
3332 2873.0
3333 2397.0
3334 2626.0
3335 2383.0
3336 2972.0
3337 3173.0
3338 2656.0
3339 2589.0
3340 2540.0
3341 3007.0
3342 3004.0
3343 2283.0
3344 3240.0
3345 2805.0
3346 3172.0
3347 3092.0
3348 3073.0
3349 3096.0
3350 2279.0
3351 3221.0
3352 2454.0
3353 2330.0
3354 2334.0
3355 2801.0
3356 3306.0
3357 2291.0
3358 2346.0
3359 2588.0
3360 1992.0
3361 2300.0
3362 3294.0
3363 2605.0
3364 3363.0
3365 2259.0
3366 3007.0
3367 3186.0
3368 2001.0
3369 2926.0
3370 3255.0
3371 3301.0
3372 2910.0
3373 3201.0
3374 2054.0
3375 1760.0
3376 3305.0
3377 3162.0
3378 2727.0
3379 3154.0
3380 2419.0
3381 3125.0
3382 2467.0
3383 3063.0
3384 3028.0
3385 3344.0
3386 2830.0
3387 3061.0
3388 2727.0
3389 2424.0
3390 2556.0
3391 1778.0
3392 2952.0
3393 1753.0
3394 3285.0
3395 3372.0
3396 3102.0
3397 3031.0
3398 2898.0
3399 3102.0
3400 2523.0
3401 2909.0
3402 3131.0
3403 3351.0
3404 3204.0
3405 2677.0
3406 3085.0
3407 3317.0
3408 2398.0
3409 3137.0
3410 2813.0
3411 2395.0
3412 3213.0
3413 3301.0
3414 1983.0
3415 3332.0
3416 2402.0
3417 3056.0
3418 2103.0
3419 3280.0
3420 1707.0
3421 2155.0
3422 2478.0
3423 3412.0
3424 3094.0
3425 3000.0
3426 2424.0
3427 3260.0
3428 2306.0
3429 1239.0
3430 3166.0
3431 2811.0
3432 2705.0
3433 2641.0
3434 3018.0
3435 2873.0
3436 2952.0
3437 2884.0
3438 3028.0
3439 3380.0
3440 2936.0
3441 3346.0
3442 2929.0
3443 2738.0
3444 3317.0
3445 1575.0
3446 2591.0
3447 2285.0
3448 2801.0
3449 3104.0
3450 2813.0
3451 3222.0
3452 2884.0
3453 1750.0
3454 2768.0
3455 3311.0
3456 2868.0
3457 2855.0
3458 2883.0
3459 1637.0
3460 3394.0
3461 3147.0
3462 3214.0
3463 2947.0
3464 2885.0
3465 3043.0
3466 3430.0
3467 2409.0
3468 2944.0
3469 2746.0
3470 2605.0
3471 2808.0
3472 1755.0
3473 2782.0
3474 3335.0
3475 3288.0
3476 3401.0
3477 2938.0
3478 3176.0
3479 2997.0
3480 2981.0
3481 3473.0
3482 3109.0
3483 1675.0
3484 3420.0
3485 2207.0
3486 1921.0
3487 2321.0
3488 3479.0
3489 3467.0
3490 2712.0
3491 2398.0
3492 3312.0
3493 3018.0
3494 3437.0
3495 2888.0
3496 3172.0
3497 2330.0
3498 2259.0
3499 2514.0
3500 3364.0
3501 2842.0
3502 2266.0
3503 3046.0
3504 1535.0
3505 3198.0
3506 2928.0
3507 3443.0
3508 1987.0
3509 3496.0
3510 1282.0
3511 2641.0
3512 2919.0
3513 2594.0
3514 3129.0
3515 3111.0
3516 3327.0
3517 1750.0
3518 3130.0
3519 2358.0
3520 3096.0
3521 3475.0
3522 3164.0
3523 3480.0
3524 3373.0
3525 1988.0
3526 2386.0
3527 2889.0
3528 2818.0
3529 3517.0
3530 3061.0
3531 3220.0
3532 3420.0
3533 2938.0
3534 3090.0
3535 3137.0
3536 2623.0
3537 2488.0
3538 2476.0
3539 3314.0
3540 3039.0
3541 2059.0
3542 2592.0
3543 3453.0
3544 3466.0
3545 3298.0
3546 3265.0
3547 2740.0
3548 3187.0
3549 3197.0
3550 2663.0
3551 3106.0
3552 2272.0
3553 3050.0
3554 2747.0
3555 3369.0
3556 3165.0
3557 2262.0
3558 3534.0
3559 1925.0
3560 2287.0
3561 2722.0
3562 3227.0
3563 2756.0
3564 3227.0
3565 3016.0
3566 3503.0
3567 3445.0
3568 3153.0
3569 3390.0
3570 3098.0
3571 3560.0
3572 3225.0
3573 2168.0
3574 3251.0
3575 2871.0
3576 2973.0
3577 2728.0
3578 2672.0
3579 2575.0
3580 3125.0
3581 914.0
3582 2585.0
3583 3335.0
3584 2268.0
3585 1987.0
3586 2919.0
3587 2667.0
3588 2287.0
3589 3413.0
3590 3155.0
3591 1.0
3592 3490.0
3593 3230.0
3594 3025.0
3595 2862.0
3596 3451.0
3597 2377.0
3598 2520.0
3599 3355.0
3600 3526.0
3601 1575.0
3602 2810.0
3603 3037.0
3604 3544.0
3605 2060.0
3606 1335.0
3607 751.0
3608 3578.0
3609 3171.0
3610 3475.0
3611 3605.0
3612 3001.0
3613 2765.0
3614 3187.0
3615 3472.0
3616 2982.0
3617 2589.0
3618 2791.0
3619 3304.0
3620 3392.0
3621 3212.0
3622 3355.0
3623 2364.0
3624 3061.0
3625 2299.0
3626 2252.0
3627 3310.0
3628 2854.0
3629 3212.0
3630 3569.0
3631 3213.0
3632 3515.0
3633 2285.0
3634 1282.0
3635 3094.0
3636 2583.0
3637 3001.0
3638 2508.0
3639 2130.0
3640 3620.0
3641 3342.0
3642 1888.0
3643 3208.0
3644 2892.0
3645 3063.0
3646 2471.0
3647 3534.0
3648 3501.0
3649 3225.0
3650 3490.0
3651 3080.0
3652 3416.0
3653 2823.0
3654 2007.0
3655 2688.0
3656 3608.0
3657 3582.0
3658 2398.0
3659 3591.0
3660 2824.0
3661 3140.0
3662 3264.0
3663 3591.0
3664 3372.0
3665 2406.0
3666 2326.0
3667 2377.0
3668 984.0
3669 3414.0
3670 3324.0
3671 3548.0
3672 3212.0
3673 1369.0
3674 3317.0
3675 2933.0
3676 3212.0
3677 3516.0
3678 1921.0
3679 3136.0
3680 3309.0
3681 3109.0
3682 2709.0
3683 2932.0
3684 2975.0
3685 2644.0
3686 3287.0
3687 3527.0
3688 2974.0
3689 3159.0
3690 3004.0
3691 1853.0
3692 3388.0
3693 3677.0
3694 2711.0
3695 1857.0
3696 3575.0
3697 3201.0
3698 3046.0
3699 3508.0
3700 2931.0
3701 3359.0
3702 3468.0
3703 1732.0
3704 3187.0
3705 3575.0
3706 3686.0
3707 2749.0
3708 3506.0
3709 2871.0
3710 2574.0
3711 3173.0
3712 2588.0
3713 3321.0
3714 2010.0
3715 3463.0
3716 2747.0
3717 3013.0
3718 3349.0
3719 3456.0
3720 2692.0
3721 2727.0
3722 3375.0
3723 3547.0
3724 3464.0
3725 3166.0
3726 2641.0
3727 2445.0
3728 2975.0
3729 3652.0
3730 3130.0
3731 2231.0
3732 3328.0
3733 3415.0
3734 3430.0
3735 3149.0
3736 3000.0
3737 2334.0
3738 3258.0
3739 1809.0
3740 3333.0
3741 3465.0
3742 1853.0
3743 3056.0
3744 3374.0
3745 3259.0
3746 2505.0
3747 2952.0
3748 3528.0
3749 2423.0
3750 2575.0
3751 3589.0
3752 3003.0
3753 3268.0
3754 3552.0
3755 3109.0
3756 3355.0
3757 2173.0
3758 3177.0
3759 1569.0
3760 3286.0
3761 2838.0
3762 3123.0
3763 2528.0
3764 2438.0
3765 3419.0
3766 2908.0
3767 3753.0
3768 3646.0
3769 3371.0
3770 3253.0
3771 3432.0
3772 3516.0
3773 3323.0
3774 3695.0
3775 1920.0
3776 3129.0
3777 2742.0
3778 3550.0
3779 3342.0
3780 3171.0
3781 3761.0
3782 3188.0
3783 3774.0
3784 1928.0
3785 3717.0
3786 3629.0
3787 3673.0
3788 3779.0
3789 2059.0
3790 2614.0
3791 3583.0
3792 2259.0
3793 2978.0
3794 2259.0
3795 2155.0
3796 1587.0
3797 3135.0
3798 3538.0
3799 1940.0
3800 3492.0
3801 3194.0
3802 2968.0
3803 3229.0
3804 2614.0
3805 3660.0
3806 3498.0
3807 3263.0
3808 3362.0
3809 3601.0
3810 3274.0
3811 1750.0
3812 3302.0
3813 2463.0
3814 2393.0
3815 3336.0
3816 2726.0
3817 3793.0
3818 3056.0
3819 3625.0
3820 3724.0
3821 3124.0
3822 2594.0
3823 3313.0
3824 3615.0
3825 2665.0
3826 2662.0
3827 3812.0
3828 3294.0
3829 3259.0
3830 3412.0
3831 3330.0
3832 1.0
3833 3600.0
3834 2824.0
3835 3456.0
3836 3615.0
3837 2520.0
3838 3811.0
3839 2085.0
3840 2445.0
3841 3184.0
3842 3590.0
3843 3187.0
3844 2173.0
3845 3528.0
3846 2772.0
3847 2889.0
3848 480.0
3849 3004.0
3850 2901.0
3851 3004.0
3852 3724.0
3853 2936.0
3854 3806.0
3855 3556.0
3856 3684.0
3857 3791.0
3858 3560.0
3859 3030.0
3860 3323.0
3861 2499.0
3862 3777.0
3863 2868.0
3864 2625.0
3865 3655.0
3866 480.0
3867 2218.0
3868 3015.0
3869 1753.0
3870 3868.0
3871 2930.0
3872 2615.0
3873 2393.0
3874 3779.0
3875 3542.0
3876 3744.0
3877 3508.0
3878 3586.0
3879 2508.0
3880 1853.0
3881 3612.0
3882 3147.0
3883 2535.0
3884 2750.0
3885 3876.0
3886 638.0
3887 3828.0
3888 3677.0
3889 2454.0
3890 2589.0
3891 3008.0
3892 3061.0
3893 2679.0
3894 1957.0
3895 2919.0
3896 1807.0
3897 3101.0
3898 3193.0
3899 3576.0
3900 3757.0
3901 2506.0
3902 3854.0
3903 2950.0
3904 3303.0
3905 2457.0
3906 3371.0
3907 1940.0
3908 3272.0
3909 1968.0
3910 3684.0
3911 1391.0
3912 3834.0
3913 3327.0
3914 1908.0
3915 3550.0
3916 3396.0
3917 2813.0
3918 3696.0
3919 3124.0
3920 3465.0
3921 3299.0
3922 3239.0
3923 3905.0
3924 3442.0
3925 3621.0
3926 3121.0
3927 3115.0
3928 3188.0
3929 3556.0
3930 2746.0
3931 3121.0
3932 3435.0
3933 3403.0
3934 3301.0
3935 3899.0
3936 2885.0
3937 1765.0
3938 2612.0
3939 3451.0
3940 2871.0
3941 3241.0
3942 3655.0
3943 1736.0
3944 3516.0
3945 3164.0
3946 2998.0
3947 3621.0
3948 2507.0
3949 2810.0
3950 2882.0
3951 2614.0
3952 3248.0
3953 2612.0
3954 3529.0
3955 3323.0
3956 3436.0
3957 3392.0
3958 3315.0
3959 3763.0
3960 3242.0
3961 3558.0
3962 3138.0
3963 3593.0
3964 3832.0
3965 3065.0
3966 2925.0
3967 3490.0
3968 3020.0
3969 3584.0
3970 3018.0
3971 3403.0
3972 2836.0
3973 3039.0
3974 3370.0
3975 3708.0
3976 2586.0
3977 3346.0
3978 3641.0
3979 3322.0
3980 2799.0
3981 3165.0
3982 3311.0
3983 1961.0
3984 3788.0
3985 3458.0
3986 2723.0
3987 2165.0
3988 3946.0
3989 3479.0
3990 3490.0
3991 3524.0
3992 1541.0
3993 3312.0
3994 3922.0
3995 2215.0
3996 3870.0
3997 3522.0
3998 3688.0
3999 3346.0
4000 3288.0
4001 2799.0
4002 2575.0
4003 3761.0
4004 2290.0
4005 3874.0
4006 3657.0
4007 3458.0
4008 3918.0
4009 3518.0
4010 3895.0
4011 3934.0
4012 3245.0
4013 1587.0
4014 3474.0
4015 2226.0
4016 2973.0
4017 3523.0
4018 2505.0
4019 3248.0
4020 3780.0
4021 3356.0
4022 3885.0
4023 3868.0
4024 3723.0
4025 3111.0
4026 3728.0
4027 3353.0
4028 1472.0
4029 1545.0
4030 3047.0
4031 3124.0
4032 3301.0
4033 2165.0
4034 3315.0
4035 3213.0
4036 2631.0
4037 4005.0
4038 3556.0
4039 3528.0
4040 3946.0
4041 3705.0
4042 3492.0
4043 3453.0
4044 3416.0
4045 3438.0
4046 3328.0
4047 2024.0
4048 3513.0
4049 3102.0
4050 3628.0
4051 3642.0
4052 3824.0
4053 2987.0
4054 3681.0
4055 2153.0
4056 3801.0
4057 3751.0
4058 3434.0
4059 3977.0
4060 2773.0
4061 1507.0
4062 3770.0
4063 3822.0
4064 3671.0
4065 1391.0
4066 3413.0
4067 3505.0
4068 3820.0
4069 2722.0
4070 3604.0
4071 3794.0
4072 3766.0
4073 3555.0
4074 3735.0
4075 3946.0
4076 3407.0
4077 4022.0
4078 3874.0
4079 3718.0
4080 3285.0
4081 3303.0
4082 3898.0
4083 2831.0
4084 3724.0
4085 3697.0
4086 3148.0
4087 3757.0
4088 3708.0
4089 2831.0
4090 3028.0
4091 3624.0
4092 4071.0
4093 2882.0
4094 3335.0
4095 2457.0
4096 3591.0
4097 2974.0
4098 2663.0
4099 3327.0
4100 1291.0
4101 2215.0
4102 4078.0
4103 3102.0
4104 3536.0
4105 2835.0
4106 3430.0
4107 2440.0
4108 4061.0
4109 4066.0
4110 3624.0
4111 2665.0
4112 3812.0
4113 2885.0
4114 2420.0
4115 3741.0
4116 3354.0
4117 3696.0
4118 3896.0
4119 2481.0
4120 3505.0
4121 2103.0
4122 3711.0
4123 2508.0
4124 3780.0
4125 3244.0
4126 4124.0
4127 4004.0
4128 4109.0
4129 3712.0
4130 2259.0
4131 3796.0
4132 4050.0
4133 2799.0
4134 2162.0
4135 3061.0
4136 3783.0
4137 3143.0
4138 3125.0
4139 4058.0
4140 2526.0
4141 3938.0
4142 2115.0
4143 4045.0
4144 2885.0
4145 2041.0
4146 3986.0
4147 2947.0
4148 3118.0
4149 3479.0
4150 3773.0
4151 2024.0
4152 2780.0
4153 2747.0
4154 3372.0
4155 2941.0
4156 3445.0
4157 3944.0
4158 3349.0
4159 3585.0
4160 3609.0
4161 2666.0
4162 3617.0
4163 3378.0
4164 4058.0
4165 3823.0
4166 4156.0
4167 638.0
4168 3952.0
4169 4125.0
4170 4009.0
4171 3362.0
4172 3496.0
4173 4031.0
4174 3048.0
4175 4107.0
4176 2930.0
4177 3575.0
4178 2024.0
4179 2882.0
4180 4029.0
4181 3911.0
4182 3946.0
4183 3923.0
4184 2942.0
4185 984.0
4186 3339.0
4187 3543.0
4188 3278.0
4189 3911.0
4190 3796.0
4191 4011.0
4192 3990.0
4193 3520.0
4194 4179.0
4195 2615.0
4196 3663.0
4197 1928.0
4198 2615.0
4199 3859.0
4200 3765.0
4201 3063.0
4202 4009.0
4203 2973.0
4204 3900.0
4205 2471.0
4206 2024.0
4207 2736.0
4208 2677.0
4209 2363.0
4210 4167.0
4211 1291.0
4212 3322.0
4213 4011.0
4214 4001.0
4215 3675.0
4216 3907.0
4217 3201.0
4218 4058.0
4219 4183.0
4220 3604.0
4221 2641.0
4222 3751.0
4223 2592.0
4224 3342.0
4225 3512.0
4226 3765.0
4227 4005.0
4228 3824.0
4229 3267.0
4230 3962.0
4231 1472.0
4232 3430.0
4233 4058.0
4234 2641.0
4235 3624.0
4236 3584.0
4237 4034.0
4238 3301.0
4239 3410.0
4240 3925.0
4241 4108.0
4242 1507.0
4243 3012.0
4244 2662.0
4245 3621.0
4246 3936.0
4247 4245.0
4248 4199.0
4249 3813.0
4250 3172.0
4251 3659.0
4252 3354.0
4253 2292.0
4254 4141.0
4255 3045.0
4256 4043.0
4257 2978.0
4258 3956.0
4259 3282.0
4260 3768.0
4261 2838.0
4262 4244.0
4263 2179.0
4264 2854.0
4265 4239.0
4266 2048.0
4267 3239.0
4268 3830.0
4269 3166.0
4270 2287.0
4271 2952.0
4272 3441.0
4273 3195.0
4274 3034.0
4275 3548.0
4276 2663.0
4277 3008.0
4278 4179.0
4279 2712.0
4280 3482.0
4281 4146.0
4282 3165.0
4283 4074.0
4284 1987.0
4285 3616.0
4286 3441.0
4287 4132.0
4288 3493.0
4289 2290.0
4290 2054.0
4291 2862.0
4292 4166.0
4293 4098.0
4294 2837.0
4295 3510.0
4296 2824.0
4297 3255.0
4298 4186.0
4299 3746.0
4300 2941.0
4301 3302.0
4302 3190.0
4303 3625.0
4304 3514.0
4305 3101.0
4306 3024.0
4307 3114.0
4308 4172.0
4309 4049.0
4310 3750.0
4311 4109.0
4312 4096.0
4313 2989.0
4314 4122.0
4315 4310.0
4316 4151.0
4317 2698.0
4318 4045.0
4319 3328.0
4320 2290.0
4321 3263.0
4322 3751.0
4323 1541.0
4324 2974.0
4325 4124.0
4326 3794.0
4327 3718.0
4328 4052.0
4329 4032.0
4330 3604.0
4331 1676.0
4332 2893.0
4333 2457.0
4334 3453.0
4335 4187.0
4336 3900.0
4337 3441.0
4338 4049.0
4339 4335.0
4340 4178.0
4341 2060.0
4342 3173.0
4343 4020.0
4344 4030.0
4345 3944.0
4346 3241.0
4347 4159.0
4348 4189.0
4349 3877.0
4350 3594.0
4351 3102.0
4352 2799.0
4353 3934.0
4354 3288.0
4355 3676.0
4356 3851.0
4357 4056.0
4358 3293.0
4359 4243.0
4360 984.0
4361 4019.0
4362 3726.0
4363 4167.0
4364 3728.0
4365 3825.0
4366 2440.0
4367 2287.0
4368 3750.0
4369 3691.0
4370 4166.0
4371 3017.0
4372 3149.0
4373 2335.0
4374 2508.0
4375 3668.0
4376 3429.0
4377 1587.0
4378 2801.0
4379 3520.0
4380 4264.0
4381 4028.0
4382 3621.0
4383 4094.0
4384 3933.0
4385 4384.0
4386 3130.0
4387 4238.0
4388 3772.0
4389 3879.0
4390 4059.0
4391 4311.0
4392 4146.0
4393 3171.0
4394 4201.0
4395 4337.0
4396 3529.0
4397 2669.0
4398 4005.0
4399 3942.0
4400 3941.0
4401 3481.0
4402 4343.0
4403 4298.0
4404 3970.0
4405 3399.0
4406 4342.0
4407 3473.0
4408 3826.0
4409 3509.0
4410 4096.0
4411 3811.0
4412 3496.0
4413 2998.0
4414 4293.0
4415 3967.0
4416 3868.0
4417 4151.0
4418 4107.0
4419 4107.0
4420 4098.0
4421 4029.0
4422 4358.0
4423 4323.0
4424 3357.0
4425 2115.0
4426 4174.0
4427 3197.0
4428 4105.0
4429 2010.0
4430 4239.0
4431 3690.0
4432 3067.0
4433 4358.0
4434 4196.0
4435 4085.0
4436 3357.0
4437 2183.0
4438 3996.0
4439 3718.0
4440 3521.0
4441 4194.0
4442 3957.0
4443 2259.0
4444 4330.0
4445 3599.0
4446 4239.0
4447 4329.0
4448 3096.0
4449 4102.0
4450 3933.0
4451 4037.0
4452 2622.0
4453 3800.0
4454 2727.0
4455 2440.0
4456 2574.0
4457 2932.0
4458 4369.0
4459 4170.0
4460 3302.0
4461 3244.0
4462 2782.0
4463 2423.0
4464 3407.0
4465 2709.0
4466 3401.0
4467 3399.0
4468 3777.0
4469 3780.0
4470 2499.0
4471 3370.0
4472 3023.0
4473 3868.0
4474 3988.0
4475 3852.0
4476 3848.0
4477 3752.0
4478 4396.0
4479 3869.0
4480 3590.0
4481 4262.0
4482 3148.0
4483 3840.0
4484 3923.0
4485 4130.0
4486 3544.0
4487 2290.0
4488 2819.0
4489 4097.0
4490 3862.0
4491 3556.0
4492 4408.0
4493 4066.0
4494 4469.0
4495 3518.0
4496 3505.0
4497 3777.0
4498 4051.0
4499 4469.0
4500 3947.0
4501 3995.0
4502 4050.0
4503 3614.0
4504 3003.0
4505 4124.0
4506 4222.0
4507 4011.0
4508 4109.0
4509 4018.0
4510 3620.0
4511 4262.0
4512 3697.0
4513 3905.0
4514 4040.0
4515 4038.0
4516 3905.0
4517 3861.0
4518 4414.0
4519 4394.0
4520 2314.0
4521 4322.0
4522 4426.0
4523 4195.0
4524 4322.0
4525 3345.0
4526 3392.0
4527 3159.0
4528 2854.0
4529 4414.0
4530 4506.0
4531 1957.0
4532 2654.0
4533 4442.0
4534 3791.0
4535 3811.0
4536 4524.0
4537 3138.0
4538 2742.0
4539 2813.0
4540 4523.0
4541 3656.0
4542 2878.0
4543 4390.0
4544 3004.0
4545 3979.0
4546 3948.0
4547 3220.0
4548 4393.0
4549 3984.0
4550 4064.0
4551 2326.0
4552 4543.0
4553 3958.0
4554 3355.0
4555 1587.0
4556 4251.0
4557 3934.0
4558 2813.0
4559 3465.0
4560 4391.0
4561 3138.0
4562 3581.0
4563 3611.0
4564 3955.0
4565 4278.0
4566 3956.0
4567 4172.0
4568 3794.0
4569 4309.0
4570 4313.0
4571 3378.0
4572 4066.0
4573 2723.0
4574 4372.0
4575 3999.0
4576 3255.0
4577 3187.0
4578 3634.0
4579 2373.0
4580 4196.0
4581 4409.0
4582 4188.0
4583 3159.0
4584 1507.0
4585 4285.0
4586 4198.0
4587 3434.0
4588 3893.0
4589 3165.0
4590 2805.0
4591 3948.0
4592 3403.0
4593 984.0
4594 3640.0
4595 2720.0
4596 3313.0
4597 4301.0
4598 4149.0
4599 3521.0
4600 4438.0
4601 2663.0
4602 4093.0
4603 3327.0
4604 2561.0
4605 4528.0
4606 2498.0
4607 4076.0
4608 1676.0
4609 3202.0
4610 3399.0
4611 2259.0
4612 4250.0
4613 3115.0
4614 4406.0
4615 4509.0
4616 2612.0
4617 3365.0
4618 3697.0
4619 3623.0
4620 4366.0
4621 3474.0
4622 4208.0
4623 4450.0
4624 3980.0
4625 3090.0
4626 2420.0
4627 4455.0
4628 3407.0
4629 4438.0
4630 4521.0
4631 4451.0
4632 4357.0
4633 2805.0
4634 3612.0
4635 3906.0
4636 4631.0
4637 3751.0
4638 3187.0
4639 4281.0
4640 2932.0
4641 3086.0
4642 3676.0
4643 4455.0
4644 4410.0
4645 3394.0
4646 4376.0
4647 2952.0
4648 3753.0
4649 4322.0
4650 4308.0
4651 3289.0
4652 3161.0
4653 2306.0
4654 4250.0
4655 3581.0
4656 4346.0
4657 4460.0
4658 3693.0
4659 3794.0
4660 3604.0
4661 2172.0
4662 3947.0
4663 4130.0
4664 4431.0
4665 3634.0
4666 3349.0
4667 4246.0
4668 4058.0
4669 4204.0
4670 2819.0
4671 3996.0
4672 4471.0
4673 4074.0
4674 4420.0
4675 4146.0
4676 4057.0
4677 4633.0
4678 4470.0
4679 4020.0
4680 3516.0
4681 2662.0
4682 3751.0
4683 4583.0
4684 1239.0
4685 3413.0
4686 3018.0
4687 3683.0
4688 3682.0
4689 4584.0
4690 4678.0
4691 3638.0
4692 4046.0
4693 4608.0
4694 3676.0
4695 1750.0
4696 3506.0
4697 4271.0
4698 3435.0
4699 4398.0
4700 4671.0
4701 3441.0
4702 2711.0
4703 4095.0
4704 4617.0
4705 3378.0
4706 4644.0
4707 2994.0
4708 2932.0
4709 4644.0
4710 3556.0
4711 4456.0
4712 2659.0
4713 4597.0
4714 3366.0
4715 4655.0
4716 3911.0
4717 3614.0
4718 3199.0
4719 3293.0
4720 4448.0
4721 4497.0
4722 4451.0
4723 2838.0
4724 4410.0
4725 3472.0
4726 4594.0
4727 4264.0
4728 4683.0
4729 4312.0
4730 3659.0
4731 3870.0
4732 4405.0
4733 3193.0
4734 4250.0
4735 4276.0
4736 4451.0
4737 4351.0
4738 3165.0
4739 3861.0
4740 3513.0
4741 4276.0
4742 3948.0
4743 4589.0
4744 4431.0
4745 4643.0
4746 3866.0
4747 4019.0
4748 3638.0
4749 2281.0
4750 4220.0
4751 3863.0
4752 4721.0
4753 2457.0
4754 4031.0
4755 3725.0
4756 4190.0
4757 3770.0
4758 2663.0
4759 4230.0
4760 4301.0
4761 4717.0
4762 3903.0
4763 4005.0
4764 4019.0
4765 3461.0
4766 4195.0
4767 3576.0
4768 3895.0
4769 1587.0
4770 3050.0
4771 4689.0
4772 4144.0
4773 3003.0
4774 3659.0
4775 4174.0
4776 2884.0
4777 4272.0
4778 3524.0
4779 3476.0
4780 4232.0
4781 3301.0
4782 4466.0
4783 3517.0
4784 4773.0
4785 3611.0
4786 4557.0
4787 3861.0
4788 4413.0
4789 3994.0
4790 3970.0
4791 4621.0
4792 4755.0
4793 4623.0
4794 3638.0
4795 3466.0
4796 4594.0
4797 2059.0
4798 4130.0
4799 4019.0
4800 3780.0
4801 4130.0
4802 4315.0
4803 4358.0
4804 4767.0
4805 4786.0
4806 4311.0
4807 4710.0
4808 4805.0
4809 4286.0
4810 1282.0
4811 4763.0
4812 4563.0
4813 3851.0
4814 4659.0
4815 4610.0
4816 3259.0
4817 3252.0
4818 4555.0
4819 4339.0
4820 4587.0
4821 3217.0
4822 2849.0
4823 2420.0
4824 4735.0
4825 3045.0
4826 3952.0
4827 3832.0
4828 4484.0
4829 3392.0
4830 2950.0
4831 4346.0
4832 4360.0
4833 3862.0
4834 4124.0
4835 4631.0
4836 4107.0
4837 3697.0
4838 4085.0
4839 4521.0
4840 4032.0
4841 3439.0
4842 4569.0
4843 4568.0
4844 3453.0
4845 3979.0
4846 3306.0
4847 4190.0
4848 4588.0
4849 4355.0
4850 4013.0
4851 2088.0
4852 4377.0
4853 4833.0
4854 4643.0
4855 4813.0
4856 4674.0
4857 4293.0
4858 4378.0
4859 1507.0
4860 4217.0
4861 2819.0
4862 3050.0
4863 3735.0
4864 4569.0
4865 3919.0
4866 3900.0
4867 4309.0
4868 4199.0
4869 4276.0
4870 4355.0
4871 4612.0
4872 3910.0
4873 4074.0
4874 4212.0
4875 4763.0
4876 2950.0
4877 4019.0
4878 4132.0
4879 4271.0
4880 3925.0
4881 4530.0
4882 4387.0
4883 4620.0
4884 4173.0
4885 3628.0
4886 3779.0
4887 3582.0
4888 4214.0
4889 2515.0
4890 4554.0
4891 4687.0
4892 4739.0
4893 4376.0
4894 4303.0
4895 3874.0
4896 2932.0
4897 3994.0
4898 4886.0
4899 4032.0
4900 3621.0
4901 4561.0
4902 4510.0
4903 3544.0
4904 4523.0
4905 4084.0
4906 2767.0
4907 4721.0
4908 3115.0
4909 3255.0
4910 4499.0
4911 4168.0
4912 3544.0
4913 4066.0
4914 4572.0
4915 4242.0
4916 4128.0
4917 4057.0
4918 3781.0
4919 4700.0
4920 4610.0
4921 4278.0
4922 4438.0
4923 4730.0
4924 3301.0
4925 2813.0
4926 4610.0
4927 4269.0
4928 3620.0
4929 4691.0
4930 4764.0
4931 4674.0
4932 4264.0
4933 4446.0
4934 4222.0
4935 3946.0
4936 4290.0
4937 3045.0
4938 3187.0
4939 4123.0
4940 3772.0
4941 4294.0
4942 4035.0
4943 1587.0
4944 4276.0
4945 4815.0
4946 4213.0
4947 2471.0
4948 4610.0
4949 4127.0
4950 3751.0
4951 4737.0
4952 4920.0
4953 4355.0
4954 2153.0
4955 4273.0
4956 4656.0
4957 2592.0
4958 4167.0
4959 4760.0
4960 4959.0
4961 4884.0
4962 4916.0
4963 2060.0
4964 4333.0
4965 4272.0
4966 4366.0
4967 2974.0
4968 2974.0
4969 4107.0
4970 3984.0
4971 4562.0
4972 4467.0
4973 4681.0
4974 4900.0
4975 4565.0
4976 2662.0
4977 4401.0
4978 4349.0
4979 4462.0
4980 2168.0
4981 4468.0
4982 4222.0
4983 4339.0
4984 4064.0
4985 4544.0
4986 4608.0
4987 4455.0
4988 4697.0
4989 4837.0
4990 4384.0
4991 4898.0
4992 2334.0
4993 4167.0
4994 4070.0
4995 3837.0
4996 3413.0
4997 3958.0
4998 4763.0
4999 4056.0
5000 3916.0
