2 65.0
3 99.0
4 82.0
5 40.0
6 19.0
7 46.0
8 1.0
9 4.0
10 66.0
11 3.0
12 8.0
13 12.0
14 12.0
15 1.0
16 1.0
17 68.0
18 16.0
19 11.0
20 15.0
21 100.0
22 17.0
23 14.0
24 12.0
25 23.0
26 8.0
27 24.0
28 27.0
29 15.0
30 17.0
31 24.0
32 1.0
33 24.0
34 16.0
35 1.0
36 14.0
37 14.0
38 33.0
39 14.0
40 26.0
41 1.0
42 23.0
43 12.0
44 39.0
45 31.0
46 45.0
47 33.0
48 29.0
49 25.0
50 40.0
51 8.0
52 44.0
53 39.0
54 24.0
55 44.0
56 46.0
57 50.0
58 41.0
59 32.0
60 11.0
61 18.0
62 41.0
63 24.0
64 15.0
65 62.0
66 52.0
67 51.0
68 27.0
69 1.0
70 44.0
71 51.0
72 67.0
73 58.0
74 58.0
75 58.0
76 74.0
77 40.0
78 67.0
79 73.0
80 8.0
81 80.0
82 76.0
83 80.0
84 64.0
85 83.0
86 47.0
87 75.0
88 35.0
89 67.0
90 75.0
91 15.0
92 81.0
93 69.0
94 35.0
95 71.0
96 74.0
97 71.0
98 35.0
99 94.0
100 90.0
