2 108.0
3 46.0
4 831.0
5 805.0
6 768.0
7 126.0
8 6.0
9 828.0
10 246.0
11 997.0
12 227.0
13 441.0
14 23.0
15 825.0
16 820.0
17 508.0
18 610.0
19 555.0
20 732.0
21 426.0
22 1.0
23 344.0
24 379.0
25 250.0
26 60.0
27 323.0
28 859.0
29 674.0
30 535.0
31 167.0
32 453.0
33 604.0
34 426.0
35 712.0
36 166.0
37 864.0
38 464.0
39 937.0
40 560.0
41 634.0
42 990.0
43 782.0
44 476.0
45 32.0
46 729.0
47 686.0
48 384.0
49 945.0
50 130.0
51 33.0
52 927.0
53 49.0
54 780.0
55 248.0
56 171.0
57 21.0
58 593.0
59 29.0
60 854.0
61 16.0
62 18.0
63 117.0
64 13.0
65 950.0
66 733.0
67 43.0
68 606.0
69 811.0
70 817.0
71 23.0
72 49.0
73 513.0
74 717.0
75 211.0
76 381.0
77 59.0
78 968.0
79 534.0
80 78.0
81 18.0
82 219.0
83 369.0
84 748.0
85 496.0
86 709.0
87 418.0
88 877.0
89 327.0
90 81.0
91 714.0
92 4.0
93 72.0
94 83.0
95 770.0
96 765.0
97 726.0
98 43.0
99 86.0
100 66.0
101 44.0
102 40.0
103 429.0
104 193.0
105 996.0
106 63.0
107 81.0
108 430.0
109 337.0
110 296.0
111 44.0
112 86.0
113 474.0
114 70.0
115 606.0
116 651.0
117 35.0
118 271.0
119 627.0
120 118.0
121 905.0
122 259.0
123 729.0
124 94.0
125 557.0
126 766.0
127 350.0
128 827.0
129 812.0
130 344.0
131 769.0
132 74.0
133 660.0
134 819.0
135 843.0
136 938.0
137 16.0
138 74.0
139 233.0
140 119.0
141 81.0
142 617.0
143 45.0
144 824.0
145 71.0
146 33.0
147 621.0
148 94.0
149 98.0
150 115.0
151 124.0
152 126.0
153 135.0
154 103.0
155 21.0
156 968.0
157 514.0
158 665.0
159 469.0
160 90.0
161 474.0
162 28.0
163 94.0
164 113.0
165 74.0
166 149.0
167 981.0
168 513.0
169 765.0
170 72.0
171 646.0
172 180.0
173 44.0
174 55.0
175 107.0
176 298.0
177 791.0
178 70.0
179 86.0
180 97.0
181 137.0
182 79.0
183 131.0
184 52.0
185 22.0
186 33.0
187 136.0
188 36.0
189 156.0
190 379.0
191 146.0
192 130.0
193 185.0
194 57.0
195 86.0
196 165.0
197 184.0
198 164.0
199 107.0
200 983.0
201 157.0
202 197.0
203 678.0
204 582.0
205 24.0
206 149.0
207 101.0
208 758.0
209 1.0
210 195.0
211 52.0
212 222.0
213 18.0
214 150.0
215 32.0
216 840.0
217 471.0
218 801.0
219 152.0
220 73.0
221 187.0
222 123.0
223 115.0
224 37.0
225 47.0
226 146.0
227 732.0
228 184.0
229 1.0
230 60.0
231 56.0
232 81.0
233 74.0
234 233.0
235 128.0
236 186.0
237 150.0
238 203.0
239 74.0
240 221.0
241 5.0
242 198.0
243 684.0
244 175.0
245 999.0
246 798.0
247 166.0
248 49.0
249 193.0
250 121.0
251 226.0
252 666.0
253 66.0
254 449.0
255 180.0
256 827.0
257 686.0
258 28.0
259 211.0
260 213.0
261 255.0
262 998.0
263 910.0
264 184.0
265 87.0
266 141.0
267 16.0
268 161.0
269 185.0
270 97.0
271 202.0
272 270.0
273 228.0
274 192.0
275 620.0
276 251.0
277 196.0
278 120.0
279 88.0
280 18.0
281 1.0
282 184.0
283 146.0
284 219.0
285 269.0
286 1.0
287 216.0
288 74.0
289 863.0
290 214.0
291 179.0
292 284.0
293 168.0
294 260.0
295 283.0
296 284.0
297 169.0
298 105.0
299 292.0
300 79.0
301 77.0
302 239.0
303 96.0
304 21.0
305 835.0
306 22.0
307 239.0
308 121.0
309 230.0
310 132.0
311 309.0
312 179.0
313 297.0
314 249.0
315 264.0
316 269.0
317 47.0
318 278.0
319 288.0
320 232.0
321 315.0
322 319.0
323 22.0
324 279.0
325 1.0
326 152.0
327 299.0
328 668.0
329 319.0
330 228.0
331 22.0
332 223.0
333 424.0
334 197.0
335 270.0
336 81.0
337 287.0
338 97.0
339 237.0
340 94.0
341 185.0
342 184.0
343 88.0
344 321.0
345 214.0
346 448.0
347 51.0
348 309.0
349 256.0
350 163.0
351 283.0
352 249.0
353 107.0
354 350.0
355 269.0
356 302.0
357 315.0
358 156.0
359 191.0
360 249.0
361 386.0
362 316.0
363 598.0
364 43.0
365 295.0
366 137.0
367 254.0
368 286.0
369 274.0
370 184.0
371 270.0
372 294.0
373 202.0
374 933.0
375 282.0
376 329.0
377 290.0
378 399.0
379 316.0
380 223.0
381 826.0
382 348.0
383 169.0
384 575.0
385 157.0
386 22.0
387 56.0
388 74.0
389 214.0
390 261.0
391 345.0
392 243.0
393 335.0
394 382.0
395 193.0
396 193.0
397 325.0
398 345.0
399 360.0
400 597.0
401 269.0
402 368.0
403 293.0
404 175.0
405 81.0
406 341.0
407 370.0
408 165.0
409 196.0
410 310.0
411 355.0
412 375.0
413 197.0
414 306.0
415 271.0
416 413.0
417 352.0
418 229.0
419 331.0
420 727.0
421 419.0
422 233.0
423 399.0
424 650.0
425 67.0
426 323.0
427 334.0
428 414.0
429 170.0
430 197.0
431 229.0
432 375.0
433 360.0
434 401.0
435 270.0
436 321.0
437 288.0
438 310.0
439 316.0
440 417.0
441 311.0
442 319.0
443 321.0
444 426.0
445 404.0
446 321.0
447 60.0
448 445.0
449 418.0
450 408.0
451 315.0
452 418.0
453 266.0
454 193.0
455 399.0
456 329.0
457 331.0
458 414.0
459 60.0
460 268.0
461 348.0
462 186.0
463 40.0
464 197.0
465 360.0
466 359.0
467 302.0
468 434.0
469 431.0
470 329.0
471 465.0
472 264.0
473 169.0
474 467.0
475 315.0
476 437.0
477 405.0
478 360.0
479 397.0
480 197.0
481 456.0
482 280.0
483 411.0
484 397.0
485 450.0
486 341.0
487 90.0
488 414.0
489 83.0
490 418.0
491 286.0
492 357.0
493 237.0
494 440.0
495 249.0
496 494.0
497 290.0
498 285.0
499 165.0
500 74.0
501 405.0
502 397.0
503 375.0
504 259.0
505 141.0
506 476.0
507 502.0
508 386.0
509 414.0
510 398.0
511 302.0
512 290.0
513 454.0
514 418.0
515 480.0
516 546.0
517 435.0
518 517.0
519 64.0
520 341.0
521 465.0
522 489.0
523 16.0
524 230.0
525 280.0
526 22.0
527 494.0
528 436.0
529 330.0
530 452.0
531 471.0
532 229.0
533 417.0
534 426.0
535 418.0
536 441.0
537 530.0
538 150.0
539 488.0
540 267.0
541 265.0
542 494.0
543 271.0
544 341.0
545 22.0
546 530.0
547 168.0
548 494.0
549 488.0
550 223.0
551 441.0
552 526.0
553 397.0
554 281.0
555 357.0
556 306.0
557 412.0
558 514.0
559 514.0
560 447.0
561 462.0
562 521.0
563 480.0
564 924.0
565 488.0
566 426.0
567 193.0
568 514.0
569 433.0
570 494.0
571 362.0
572 330.0
573 331.0
574 568.0
575 514.0
576 531.0
577 552.0
578 284.0
579 427.0
580 544.0
581 515.0
582 490.0
583 531.0
584 49.0
585 396.0
586 323.0
587 576.0
588 490.0
589 396.0
590 444.0
591 508.0
592 419.0
593 409.0
594 401.0
595 569.0
596 574.0
597 533.0
598 89.0
599 185.0
600 592.0
601 573.0
602 534.0
603 428.0
604 411.0
605 432.0
606 589.0
607 444.0
608 197.0
609 439.0
610 418.0
611 353.0
612 469.0
613 444.0
614 521.0
615 592.0
616 360.0
617 444.0
618 617.0
619 573.0
620 614.0
621 597.0
622 379.0
623 534.0
624 590.0
625 605.0
626 526.0
627 269.0
628 535.0
629 586.0
630 530.0
631 590.0
632 590.0
633 496.0
634 230.0
635 595.0
636 515.0
637 439.0
638 465.0
639 626.0
640 609.0
641 497.0
642 592.0
643 22.0
644 600.0
645 323.0
646 544.0
647 452.0
648 513.0
649 549.0
650 362.0
651 553.0
652 330.0
653 418.0
654 602.0
655 468.0
656 628.0
657 431.0
658 314.0
659 632.0
660 423.0
661 91.0
662 415.0
663 629.0
664 437.0
665 486.0
666 602.0
667 651.0
668 397.0
669 542.0
670 397.0
671 229.0
672 575.0
673 414.0
674 306.0
675 606.0
676 648.0
677 585.0
678 310.0
679 249.0
680 567.0
681 670.0
682 609.0
683 638.0
684 623.0
685 579.0
686 439.0
687 373.0
688 649.0
689 399.0
690 603.0
691 341.0
692 569.0
693 603.0
694 534.0
695 619.0
696 681.0
697 323.0
698 306.0
699 679.0
700 338.0
701 635.0
702 455.0
703 567.0
704 418.0
705 397.0
706 697.0
707 185.0
708 213.0
709 626.0
710 86.0
711 610.0
712 452.0
713 495.0
714 185.0
715 582.0
716 600.0
717 542.0
718 3.0
719 325.0
720 623.0
721 693.0
722 680.0
723 416.0
724 548.0
725 651.0
726 423.0
727 509.0
728 573.0
729 680.0
730 618.0
731 414.0
732 484.0
733 458.0
734 682.0
735 568.0
736 618.0
737 433.0
738 609.0
739 674.0
740 541.0
741 185.0
742 576.0
743 323.0
744 521.0
745 727.0
746 571.0
747 585.0
748 375.0
749 626.0
750 642.0
751 665.0
752 724.0
753 22.0
754 554.0
755 618.0
756 589.0
757 629.0
758 643.0
759 753.0
760 419.0
761 691.0
762 431.0
763 619.0
764 535.0
765 695.0
766 663.0
767 705.0
768 498.0
769 426.0
770 406.0
771 352.0
772 767.0
773 533.0
774 663.0
775 185.0
776 325.0
777 495.0
778 498.0
779 514.0
780 285.0
781 600.0
782 750.0
783 323.0
784 650.0
785 614.0
786 285.0
787 552.0
788 568.0
789 737.0
790 495.0
791 574.0
792 691.0
793 465.0
794 682.0
795 285.0
796 604.0
797 406.0
798 667.0
799 596.0
800 714.0
801 792.0
802 362.0
803 629.0
804 781.0
805 362.0
806 502.0
807 412.0
808 757.0
809 648.0
810 763.0
811 795.0
812 465.0
813 681.0
814 741.0
815 535.0
816 766.0
817 454.0
818 592.0
819 673.0
820 728.0
821 571.0
822 770.0
823 694.0
824 754.0
825 502.0
826 386.0
827 779.0
828 814.0
829 682.0
830 781.0
831 798.0
832 767.0
833 373.0
834 619.0
835 798.0
836 732.0
837 677.0
838 794.0
839 649.0
840 649.0
841 668.0
842 613.0
843 355.0
844 774.0
845 399.0
846 798.0
847 751.0
848 760.0
849 776.0
850 316.0
851 713.0
852 352.0
853 821.0
854 826.0
855 846.0
856 325.0
857 768.0
858 704.0
859 567.0
860 713.0
861 759.0
862 193.0
863 838.0
864 824.0
865 846.0
866 606.0
867 732.0
868 816.0
869 566.0
870 861.0
871 619.0
872 513.0
873 776.0
874 428.0
875 857.0
876 699.0
877 471.0
878 368.0
879 847.0
880 650.0
881 498.0
882 809.0
883 866.0
884 362.0
885 479.0
886 560.0
887 379.0
888 651.0
889 828.0
890 870.0
891 428.0
892 867.0
893 844.0
894 754.0
895 586.0
896 780.0
897 749.0
898 846.0
899 786.0
900 824.0
901 719.0
902 746.0
903 738.0
904 780.0
905 444.0
906 573.0
907 426.0
908 406.0
909 668.0
910 776.0
911 881.0
912 558.0
913 22.0
914 754.0
915 667.0
916 801.0
917 855.0
918 419.0
919 692.0
920 880.0
921 775.0
922 559.0
923 804.0
924 900.0
925 863.0
926 859.0
927 849.0
928 855.0
929 719.0
930 533.0
931 286.0
932 924.0
933 899.0
934 824.0
935 786.0
936 715.0
937 399.0
938 766.0
939 741.0
940 306.0
941 778.0
942 643.0
943 758.0
944 857.0
945 660.0
946 836.0
947 707.0
948 873.0
949 896.0
950 837.0
951 671.0
952 885.0
953 185.0
954 909.0
955 865.0
956 954.0
957 788.0
958 765.0
959 878.0
960 699.0
961 848.0
962 650.0
963 647.0
964 814.0
965 281.0
966 908.0
967 942.0
968 950.0
969 805.0
970 890.0
971 615.0
972 759.0
973 944.0
974 824.0
975 586.0
976 728.0
977 602.0
978 875.0
979 325.0
980 896.0
981 844.0
982 855.0
983 725.0
984 228.0
985 810.0
986 784.0
987 837.0
988 952.0
989 586.0
990 810.0
991 962.0
992 932.0
993 754.0
994 352.0
995 865.0
996 955.0
997 772.0
998 965.0
999 567.0
1000 513.0
